18466
382
28005
18923
23321
23810
31196
12993
13350
23659
3124
14656
6737
9772
32356
10132
26345
18158
8385
27088
32384
22150
6943
31364
23351
26917
26937
32146
3132
8399
30291
32061
20112
29455
7197
32131
8974
30440
2267
22957
1449
20238
20675
8228
10741
1111
11942
24710
24809
25708
14291
8185
3043
14532
1849
26560
16620
27091
9163
8716
1085
25214
9769
14612
15107
18387
24956
11367
15200
22775
5025
4225
7602
2911
24715
11421
13079
14147
7394
10955
17713
26704
11248
3650
806
9886
29886
25591
16363
19425
12922
24943
26051
14563
9244
26065
17154
32562
24394
4415
5143
21269
19064
26214
28361
22981
595
10836
29377
10202
11872
30346
25417
1028
2272
12627
3667
16891
7672
24660
9405
18873
1550
2403
26579
7910
8054
5533
20502
31892
2894
27314
4412
22828
29094
11908
8055
26280
20709
26865
6650
25347
23655
30700
16058
19694
11883
2515
19313
20677
20781
4604
28649
449
25423
27538
13687
13167
23421
7839
32709
1889
12113
31593
2773
803
24948
2
2627
17008
15111
15387
19915
6566
13377
10009
3850
15480
20569
7275
19593
15587
28838
29210
22007
30307
25349
23969
28086
14694
12155
6912
9114
19201
26907
2572
19693
3298
1578
13833
15798
24966
898
31610
10042
8364
22324
16440
16324
12297
30321
29122
6050
5181
29355
15828
16240
3590
29175
14651
9113
6067
1718
26855
16666
22236
10868
24898
6025
22097
24592
28608
31830
7248
16669
695
13138
28923
31369
17266
28781
26888
31868
5761
9924
2235
24963
30290
18651
4881
20718
23558
24102
22847
24695
10877
4559
7770
14628
20403
7859
25432
878
4176
15534
12087
24226
12666
29464
10108
26504
29934
29839
3295
4675
6991
26615
28741
23416
24765
17088
13294
5298
10154
6247
11504
20485
17897
832
30948
12018
10248
2674
23519
6283
16096
10563
15012
6871
27498
23446
1303
31608
23765
21425
9461
15243
5333
15684
17603
4816
1597
12711
772
9739
464
16740
26031
31914
25940
14069
8672
31143
16617
30415
3022
23472
26265
8351
17149
2182
6192
21971
28341
10147
18254
18780
7858
20511
7098
31922
9245
19924
13305
19993
30395
16833
21536
15396
31333
8620
30438
631
14520
23307
29949
29648
25357
7461
13987
13641
12459
3701
9076
16087
27964
29007
17538
17687
19326
31686
19623
28746
20539
26316
31514
1181
27003
30875
3137
24495
1528
3668
11462
28493
16594
26854
8941
1408
30084
16690
8741
11721
20503
26477
31965
26539
11670
29125
10392
27242
24769
15943
18500
22035
12037
19456
12487
30140
6572
12130
7132
30477
18258
9706
32029
15103
8600
3328
11616
9188
31516
16415
24647
1192
20904
8757
6163
5462
169
22093
3001
4317
30691
27499
13112
24597
19044
32695
28201
30205
10678
7902
30872
16711
8537
24502
8722
22294
9840
1313
31487
15110
20411
9779
27699
26733
18885
8599
27839
224
23391
24622
18957
17401
3660
11002
13868
13400
20542
6203
4200
3560
8194
21463
7198
29027
6903
18175
6606
26905
32452
25360
30322
10989
29514
5047
1294
15264
12504
7257
30345
22354
22174
25778
955
17221
1381
30908
32199
27877
4733
16338
14507
31237
26358
12053
1045
11884
24339
31503
9849
19088
15867
3222
3680
18337
2482
15603
11779
5321
25416
7492
13592
14771
12112
19743
7404
586
8852
9336
15026
6083
1799
13509
19482
10973
19707
25951
12838
4967
15508
12076
20026
2307
23421
15227
13682
22827
23257
27183
11831
15985
8573
800
11285
15627
18012
5822
15815
10382
3906
20984
8596
14074
18374
18780
29663
17655
1146
32639
11257
12126
9828
10911
23353
26107
12978
32135
25167
7058
21161
30643
4309
14111
4063
181
25383
27234
8362
21207
21109
4507
22744
30978
27414
16531
4768
25566
7455
8411
9177
23099
31541
1368
13162
18608
23455
22272
770
13441
3999
16094
265
21958
9475
12636
14038
7370
26103
16065
26402
9906
2845
19705
28860
25951
21472
7829
18815
32405
30981
19218
9602
9820
11650
3166
7822
30886
8596
1432
28629
5683
15372
26391
6624
2226
32233
5039
714
12841
17452
11055
26284
19350
23528
7726
11352
14039
7321
12040
29258
10183
31926
1059
26587
26794
21642
12151
18104
15819
17215
20301
147
11363
27196
11334
29976
10429
29361
30880
17443
28568
4463
5301
4144
3789
31998
31940
17683
24881
2537
17396
14057
445
24925
16534
11598
31212
1522
19883
11984
12133
6857
17830
8356
21722
8407
6771
3736
25136
7808
11959
12105
22496
25960
21594
30870
20893
27270
5187
22612
11319
25722
9058
25923
17087
9248
10484
7233
1772
23397
14850
32190
30909
18009
11819
8048
16736
27270
12708
1608
30035
24705
14461
23716
16841
23486
14118
22726
2383
25768
17457
26501
13231
30961
1881
28482
13588
1575
6596
16158
4208
29321
15237
32362
22811
10264
613
12384
30653
22001
26083
8208
13933
23513
19577
18588
22554
5146
32289
3496
16170
28558
8216
22541
26466
6137
7650
27341
14086
3227
9102
1100
27457
27910
3387
8125
9158
26158
28635
27354
20920
30143
7991
17368
3528
30643
21812
21402
6557
12835
24148
6181
4216
21341
28543
29524
2840
5688
2308
4556
15067
164
2779
15923
16423
28805
24109
29853
16392
27330
22549
19015
32026
24728
14761
32136
30634
24373
28980
16900
22808
23938
198
7459
11903
7232
11759
26306
13976
19542
24263
16936
18140
28521
18481
9019
3049
9902
20833
13299
10535
25596
20636
11792
31659
12582
1343
32008
1116
391
29443
15428
15700
16862
639
25995
24201
6749
2799
17343
21932
5884
10547
32199
30033
10771
2075
19916
8017
15656
32225
14504
28268
17413
8951
22939
9011
1550
17923
5696
22566
4562
24873
20160
16665
3808
29832
24134
31196
25052
27143
32691
10266
22226
26193
27282
29826
17865
11038
15438
7973
26012
28341
418
13087
16645
19630
29778
7546
507
13309
16665
11087
1854
30252
27106
13102
30768
23528
6203
28096
19174
25279
29702
16811
28799
2088
21105
1718
7092
17860
20777
1070
21937
8931
12747
11912
21795
32586
2460
26695
19347
31540
6521
18977
7410
8342
25105
13917
13685
12711
18513
15231
29091
16544
24096
2599
19628
29888
9037
567
18684
8340
21189
6964
18192
3445
4106
11247
16008
8274
2272
21860
3454
15280
24394
5346
21015
750
28596
16748
599
25294
18290
30816
13882
817
24425
15702
22528
1570
28428
20811
11976
14358
27531
1279
30560
5490
1862
2715
32604
18766
17800
2711
30309
2425
30322
32731
27092
29629
12085
7972
7808
20580
4741
19882
15571
24058
32074
27392
804
2645
27544
29243
29248
15571
10721
13910
10314
5603
9833
15829
24006
18375
30459
425
14576
27800
26331
4948
27474
32138
8443
28237
19861
20337
19057
30886
28056
14468
8489
30444
17087
17249
29399
30543
31886
4946
48
30722
8054
24015
8282
19685
25582
7492
14497
2146
3014
24852
23659
27540
8632
24285
10606
8623
22337
10494
13344
19100
29871
11862
6255
6371
3962
26447
691
1742
31447
21531
17633
26316
9867
12350
19457
21267
24573
32589
2530
16521
10640
22261
9996
14565
7215
2622
4342
17
1834
6673
14457
10451
16960
3833
5253
23725
26109
8230
15635
23298
24134
19383
12890
29561
2866
17465
9286
32679
25627
22378
20006
8168
20725
12867
15013
16269
11743
9782
1019
9277
11512
21429
25700
3221
2676
24051
10961
8722
18159
3054
26590
16945
23552
31405
26373
25300
7954
17606
18449
5608
18031
17188
19669
28741
17566
19207
12061
22485
28143
3404
4837
31993
7252
31471
26825
808
17778
21198
21693
7386
14072
15536
27902
7844
27952
5509
25929
19876
14292
20720
31306
27935
8482
5122
12631
20329
19250
27977
16478
28165
14216
19977
12828
19726
11494
10441
6800
11733
12131
22801
28592
21708
16065
14451
23130
26275
20220
1224
5005
8368
12063
31676
8665
28820
21083
20365
2836
12060
12122
22799
20047
613
10705
10996
14856
11076
14933
27210
29346
16868
18543
4165
15634
9649
27378
31039
25050
9333
652
25853
15419
7361
25244
19508
18854
8079
31811
12107
19829
21797
16318
16995
23768
10557
10227
6805
26386
610
9289
16506
3557
2205
21693
19441
25162
16209
19507
27932
22886
30308
19721
1708
3514
22175
13298
15711
8346
3416
1282
8390
20448
23374
20229
20812
5089
2772
22805
18292
22944
4402
20076
8290
11586
24392
23670
5021
26818
9588
30506
30227
15078
3766
14235
28254
6770
14098
2250
15941
31131
24886
5823
17798
19902
12125
13272
8659
16210
25459
10336
4122
5660
27258
8291
29449
13729
14124
11201
8914
15841
12258
1154
27179
9282
13236
3945
21657
22731
31458
19148
12783
19346
22131
8099
29457
26232
4891
18654
17406
20243
866
17660
1806
1260
29955
1497
5496
12267
5522
21191
26902
13071
2658
4321
4973
22370
16294
26012
9704
9005
13014
26527
28516
12648
15445
20949
13041
7540
7248
27840
15319
22285
20201
8720
29400
29306
27541
28276
22709
18694
5058
9648
2548
32180
13502
15600
12255
14895
8404
3931
720
14336
17336
20716
16812
27139
30245
9085
17070
23068
13508
549
358
3878
15952
30404
19969
3884
23800
19932
458
20956
24324
15523
23793
14136
700
11606
29067
22159
22917
9679
16347
14764
26190
31834
26576
22605
31530
20165
5070
26583
6718
28598
178
21319
24030
15937
18192
28524
11251
7098
18878
16212
14496
29640
28055
23812
7205
2747
32377
23147
3
1568
26000
11929
10081
25490
5335
813
22190
20947
19419
30220
24200
8219
6595
9049
19932
14255
16525
2977
3919
21430
23962
10837
30173
27464
31597
20606
31936
457
28848
6060
16020
20853
12407
303
26552
1083
28617
5514
10231
28367
17501
6181
26472
507
8353
9026
17042
26166
20736
16434
4564
30071
24165
20425
5
1867
31227
22287
29783
17190
22072
1080
21377
27894
4377
32727
23581
24574
5039
24142
8782
11234
2778
17801
28327
2046
23893
6892
1096
4348
17138
19849
4682
1190
24871
4247
21598
28664
4298
6687
9904
890
12569
14841
4370
461
11261
23799
3414
31875
3984
20576
3323
21300
24796
22944
525
10445
3046
30269
28486
17196
5355
22541
17273
2282
28393
29095
1073
4472
7009
10007
2965
31598
30555
30422
23950
32031
22956
12025
22572
25457
26228
680
17222
29420
15338
5074
865
24336
23644
17695
29651
19436
31089
26662
11305
3564
1202
7137
13509
7155
10568
28509
28364
26537
4871
7350
13119
4119
9900
28739
28007
8817
3939
12302
13431
23858
17805
6023
10349
10606
29375
15225
5689
15972
22286
27196
10017
9044
5002
23597
8036
912
32264
18523
28701
2260
25125
12675
8299
12250
21383
32575
20943
19242
30054
14202
25557
10288
23371
27687
31479
2704
26392
12594
28350
29118
18505
11959
25386
23753
121
9075
4436
119
4392
27512
850
9111
14011
24356
18267
5523
21700
7763
24107
29509
30596
7124
26793
11787
3759
32026
22728
2334
17774
8756
10667
287
7082
27136
25356
20979
9352
1691
27614
3793
3632
30235
28721
153
22227
29569
24151
15976
21228
29673
16197
13417
26822
1028
28219
3310
9534
6600
29608
12223
3530
11878
1864
19377
21434
13437
32143
7803
19646
16013
9290
28358
21673
27054
21124
27779
31860
24706
12198
27521
10886
2664
30179
11327
4146
15090
13267
9983
6274
30106
20830
3355
13363
6576
23516
29852
9984
2711
23930
25097
14884
10289
17376
9341
30746
11160
6673
14332
21927
15375
6546
8711
27674
20536
22222
31854
10451
12167
3257
8806
5634
10230
19380
13275
8369
19450
4017
25352
5
19638
407
16452
8640
17519
26600
30751
16395
1345
2721
14253
1139
16400
3681
11042
23601
6081
2766
19103
25006
29865
24628
26956
32582
11333
4208
15015
12108
20780
7949
16924
32079
16195
15532
24789
11420
14384
16809
30163
10244
9233
15355
17470
7904
19053
5212
5113
29522
5994
3755
16506
24013
16705
10638
10713
27095
25072
8539
15398
12301
22831
6713
256
29032
2724
13698
28515
30656
19546
5740
28098
24462
6512
6633
14934
12022
23822
17867
11701
24069
27037
13100
2982
13367
28728
30733
22068
7996
3165
21565
22273
26363
14313
9597
21213
25304
15171
26337
7063
5170
28119
16249
29715
18992
23238
25649
31389
12990
7643
20726
3453
31954
3266
7450
24012
28660
116
28410
9350
7421
21238
21214
11744
3103
25923
31008
11995
3109
16775
8081
6425
1788
11661
10776
24815
32627
16763
11932
27069
7231
22205
30756
3194
25666
25407
17725
27795
4109
5343
17821
3830
5283
16674
6917
26473
19327
32037
24940
20513
23513
29143
601
8080
18726
16486
22417
20606
19166
2807
24818
28763
20865
30106
4511
18388
23772
13181
30813
29092
1929
29792
18237
21421
27573
17992
32380
11847
17701
16248
16039
13784
29819
1181
1538
27301
18358
32585
23851
8935
11257
22690
14075
31522
11405
3164
1965
8370
25384
10212
22338
10918
15728
2526
21283
29906
15291
13778
8969
12576
3353
4130
1306
8999
11412
5696
30037
14847
25526
26397
25647
31827
22092
12261
16510
31415
31594
20713
22679
15420
10159
20189
22195
22850
3274
25667
23704
14478
21053
18215
629
8861
11105
30477
15629
7991
3755
10024
28439
20807
29229
6348
10725
17641
12640
31270
24901
25541
32
7467
5797
924
3832
6862
16250
17184
17568
13942
27362
10505
12484
5551
27271
14693
7175
8223
711
29999
22856
7101
26131
30756
15396
22845
32661
10450
22716
1230
20758
12018
28856
28424
26654
9207
12684
25120
11869
12775
10233
22367
6473
5226
3287
8402
32009
12321
20243
23362
1682
13368
32500
15462
8464
31295
32418
4440
19079
6197
7144
326
7098
22758
30521
26730
1868
3704
23537
24380
5157
29504
28126
16870
5911
3290
20479
19448
12225
17784
10379
7261
3252
12154
9781
13710
15061
10047
27311
19973
1027
18235
32365
1269
8441
25162
12715
20280
17013
30788
3761
12424
13722
22738
16726
5363
10130
26752
6083
24201
19577
15379
121
31576
28022
32284
10646
6042
8747
21197
9555
16428
14672
11788
14290
2370
5274
20422
12823
3418
31714
23174
32340
22638
11139
14406
16745
4974
8708
16773
13739
1005
28919
23193
8932
13339
5408
31559
6044
22259
6618
21649
18327
15541
2999
2255
13215
27543
32359
10753
32388
12471
10715
29284
4960
15701
25257
27459
287
9279
29107
30224
12095
19340
3844
27571
20437
9869
1018
17954
13009
19457
14506
2098
24194
15496
12416
22445
4445
27995
14886
32164
4346
27449
22183
16646
27231
10661
7125
20338
1921
21070
5608
10314
15880
10447
27751
15881
15187
22168
20044
16854
29116
13100
26979
19801
27421
23694
28915
24269
9363
13301
30624
23382
22401
4807
8336
2965
21464
19397
27597
18042
20374
19587
8682
15962
20365
29468
8938
9282
3430
27683
7261
5514
32485
11485
27340
1965
25199
23981
10839
9816
29897
18639
15005
22464
13346
8521
14812
23353
21588
13855
15193
13829
18535
26055
15619
25193
1366
26076
8275
29958
25110
13079
10870
11367
14549
15738
20398
7895
11648
9422
19958
31349
15751
6480
23269
2954
31972
13480
26836
32025
9306
24346
18243
1976
21754
5376
8825
671
13548
8312
9835
2815
18796
7002
18655
13717
12819
19821
32465
32382
10584
15066
24854
27469
28246
30432
1087
4955
31696
3786
1984
606
12402
8478
8274
10557
19545
29976
8597
20771
26582
9814
19194
17619
18287
14549
23520
9275
12583
10524
13053
5707
9984
19639
32000
19719
10941
5863
13940
4059
28396
5528
1256
16431
6436
14995
11085
3132
31116
17653
7583
17438
23452
24288
30664
1322
21544
17264
23489
12161
12442
241
31482
23013
27519
11087
20220
14284
19013
4813
17741
9651
2114
21242
25235
20405
13049
19938
8445
9820
7065
26497
3551
5559
455
5501
27292
12973
23453
5908
21705
21136
24307
26962
14735
16630
12253
19336
6225
1988
22644
26619
22671
32139
28122
29913
14091
3608
1656
24945
3626
28998
25994
25506
32156
17431
32734
31124
13631
14339
15832
13223
26433
19600
7866
23209
9606
18211
8482
17996
11849
23830
5333
30679
27653
17418
14778
19739
11414
7295
20522
24489
21403
27298
32359
25666
3104
4453
12137
7823
15738
981
20193
15634
18289
8361
1656
12637
18853
27670
24663
22658
31274
7147
29421
1994
20342
10713
31212
20906
381
24594
149
5874
9754
5143
310
14408
27825
970
7665
31701
15635
2251
22206
31550
15777
5633
24755
11734
1205
13175
644
25362
31037
27754
6726
16701
9897
25504
12408
7276
2056
507
15427
14773
3693
29517
32001
21148
26264
25966
3325
27854
16850
15756
4473
23058
9753
14275
11254
29820
2429
9453
4271
27363
15562
15036
26215
12694
26983
10758
21348
27467
9854
28511
23484
24152
26973
4589
29903
18982
21789
17528
29205
12514
11649
7361
12058
26997
28960
21781
6854
3511
24263
19489
2018
6367
27161
14088
26328
19007
25464
14771
19642
8238
22313
22889
27526
32581
26546
32159
24489
22990
10119
29457
30401
27513
13798
9489
21415
23889
8960
287
5037
26095
24409
14523
22820
14829
14961
21879
24354
24734
13476
21328
31362
16636
10319
13630
11307
31458
3636
18442
10390
24700
24864
1888
30858
9211
25803
22821
5930
3469
21503
4874
12594
19852
14844
32354
27006
16117
31516
20017
18124
11805
20659
15237
11970
30623
15417
15369
4659
5017
13739
1751
11934
24856
6446
23438
2295
17872
6134
16292
1450
30225
12390
9726
16862
30966
29048
13502
4598
15584
3424
7517
18782
20514
32620
15097
12164
4606
18735
27376
17956
28625
2782
21421
17609
650
31482
3522
28049
8288
303
25399
7984
14021
30845
6434
18487
149
23701
30584
8087
27796
26246
803
18016
18455
23704
7765
14031
513
6520
795
9352
6641
3734
19509
12832
4026
17868
37
8158
26388
9792
21126
22467
5009
139
3999
31431
24786
9755
26168
21350
11002
4053
940
20827
31587
22527
13888
29356
23952
2910
2483
15846
99
5531
4631
12714
30608
19692
22751
19816
12626
24816
8248
5995
29789
12506
28829
17430
31251
19665
9381
25197
30970
9879
26400
12759
13166
13673
22371
1313
24211
4391
18400
22215
30094
18613
19194
29295
19701
30625
535
22455
31363
24326
25334
14896
25873
1456
26435
17066
4289
9088
23144
30131
31613
23570
14759
25434
7584
3230
23141
1081
25330
12572
19145
26546
12250
9388
8326
6008
18127
16692
10741
21585
8720
8779
13671
4123
5525
3926
25273
18701
19781
20720
13097
10816
31593
30096
19303
5486
19297
18789
7152
31225
27797
1413
25495
7471
18863
31303
16484
14284
16392
14573
17058
3264
27487
135
13876
23859
22993
29204
5672
24007
15365
20457
24207
4381
26024
19543
12427
11162
12825
11144
31913
25707
8549
15530
10097
22470
16757
28239
23612
24179
14214
532
582
32396
32218
9089
2052
22913
10669
26161
30904
15198
19819
28467
4162
12113
19232
19887
16697
15719
11056
18125
24890
13718
19272
6354
28544
11264
31124
31117
10677
2678
20531
21489
25352
23355
25832
2307
20864
12555
8466
14327
17808
20572
21982
20885
32747
32228
24763
31458
6553
5723
29710
765
12875
21378
22567
28743
22764
25188
14452
26822
25208
11996
20725
31180
8977
2135
4080
723
15696
987
32742
18348
31705
16201
3525
28121
26930
27103
32607
26935
6613
13824
11803
7136
23683
6200
23019
11599
17628
30587
10366
23749
17453
12973
9398
21228
17545
8040
21084
14010
31259
26105
10771
2457
24250
24235
4490
3781
3006
21577
9206
16885
26130
20446
24256
8509
20619
20927
1658
20019
22648
7115
22552
19025
4219
28914
23133
21146
3479
28148
25491
7808
14985
24427
10111
1542
30044
14604
24980
21282
11064
4650
28519
16997
26235
19323
28515
30429
778
16927
14270
25915
31978
13278
14763
31281
3338
14514
9426
30
2147
30085
24317
2029
13635
27707
9236
22842
2790
3315
25163
11703
3911
27786
9882
15311
18229
17505
11630
21641
27817
8033
27550
6318
24407
22588
9120
2350
899
19701
23293
30400
790
27554
17410
5321
9457
31857
28600
13183
11905
19689
23575
25934
916
8306
12919
4987
30827
2584
19015
17927
2576
5004
17409
8918
28906
21867
20573
26640
16782
25795
30662
26056
4056
14804
30218
15067
18491
29715
32341
22811
13141
8053
31584
5293
22470
24297
8166
17072
11843
8230
23384
11039
23526
15528
1745
20985
26312
11253
24140
23455
6354
11045
6677
4221
1232
32161
15485
17388
25031
11051
26578
8791
12425
24351
20622
10909
24454
19704
8143
22199
24805
15893
23047
14235
26324
11454
7669
2144
14876
4194
20436
31906
24312
16162
1234
20008
31783
2196
17091
19908
14400
28096
26647
31611
326
6767
20489
27110
29308
934
1818
28888
19578
20333
9150
29506
13185
27092
5973
15443
10252
27448
2908
14307
28071
13251
7909
2577
21508
24626
6212
18987
5708
31707
24332
25807
17587
5102
21050
26960
27727
4091
20143
18011
28970
29620
31204
14811
20118
28149
9433
30745
12736
22785
23374
20008
8840
4111
29494
17280
11920
15877
12393
32489
19091
2435
20633
29339
24057
16931
4999
5027
11432
29439
4982
8328
4892
32372
480
15151
18618
10022
7273
23036
7265
10820
28177
21562
24387
20238
12461
3517
29171
3988
25240
1477
10174
16064
25766
19750
29759
20374
13401
10150
5934
8635
5720
23719
14969
30516
17692
31494
13974
30577
30701
5186
28951
25482
22029
13025
2431
24520
10803
4111
18516
30311
27194
19593
1141
14234
26395
12473
29358
6864
14617
14370
5002
1334
15419
27647
13160
6525
12543
20775
12497
13533
21837
27956
32009
15706
2474
9956
2788
9542
22190
1472
8155
18439
26296
5371
15199
1050
18400
28060
2158
13912
2605
11232
3427
31352
3593
21465
3602
21718
5873
26972
21524
10610
30321
16154
20832
9276
25424
16653
20763
30351
20744
15894
10930
3579
23416
29924
11045
10311
6877
26647
10406
26806
29695
15781
29794
21130
14504
11645
7839
19655
11354
17259
16647
4921
16705
30780
17219
14520
8551
26146
19916
7851
22567
7258
24318
1483
12260
22027
13935
7210
6139
6258
2686
11379
9973
31804
15407
21107
3330
9779
32054
22744
2723
13085
7249
9273
16294
6881
27611
20311
26199
20204
30367
23715
20213
6099
30442
8448
12131
30266
17380
19401
6944
2804
10527
12310
14201
19052
23665
13115
32765
32579
1535
1170
12082
24634
3739
635
8070
15699
10320
28832
14472
2099
17722
25470
15448
15307
28827
1313
2396
26423
15916
5934
9269
24550
17329
22055
7666
24316
20688
8683
10883
3572
22819
3964
31600
18058
17548
18437
13003
2520
6601
22812
611
29375
14152
23108
19258
10120
3644
2998
20793
3787
5104
21089
22307
19344
23899
13615
14024
17589
6390
16266
18811
15248
23242
27935
13509
13780
28365
737
28507
16057
9582
31057
4686
17239
20079
23549
19074
3667
22003
16967
32353
9918
14296
17768
31696
5690
15686
6069
16994
23135
14472
8480
15820
1373
13083
17665
1178
20962
16901
13591
28448
11838
29800
30153
6834
709
4183
30642
11544
14196
4584
27229
27708
15576
8331
11341
32294
7212
28314
31809
25898
21186
14129
20406
3168
31908
20031
29356
30805
4730
30429
21677
28672
16046
29663
9996
12792
3535
1705
12395
2532
32307
20549
31103
23090
13025
18610
14104
28172
19885
16510
5467
10119
13477
8343
18514
24094
18092
23646
1448
352
17253
18941
19373
21477
27219
21754
6560
21126
5438
16141
32046
7117
20952
25391
6454
27563
16032
12020
2511
32617
12039
17946
18828
30177
23249
1122
31743
32750
7359
20894
16763
29985
1131
31756
30750
8374
16243
3298
3599
23238
7641
19242
18693
16830
13738
24784
9993
10255
27102
22010
15484
2599
22656
22167
13147
8353
29711
30267
20418
25272
19491
26154
7599
3330
18771
20915
11273
91
24663
21695
30945
3358
106
16553
29431
32412
16626
9040
13440
31430
4707
17515
23334
2605
30305
3357
8529
23597
805
3530
7333
7012
13857
5672
17868
26217
23015
5017
11637
16571
839
10680
668
4088
27063
14641
19980
31056
7929
18647
1827
13112
27127
1264
26070
8035
18674
18643
5620
16622
24283
26294
12207
25307
20481
8641
6488
704
20973
3687
13930
21440
29322
19701
1994
28091
23178
21099
8525
31938
3844
13196
6267
1230
30306
9777
20627
3505
9338
11490
18383
19276
12795
8359
18920
5635
8971
3356
11229
18286
8494
4804
29937
20305
3178
17311
6386
5327
10153
11775
10177
30682
25694
2455
5647
1774
4459
15061
869
15615
28995
8306
8551
23472
31563
24391
8281
13765
19591
8290
17634
32219
2930
30041
2832
27990
17197
22238
31389
22428
31196
29076
4209
32129
1614
13601
24935
13569
26844
22917
23124
14645
11155
20138
16710
13952
3477
19003
23561
26378
32188
26554
24560
21359
10369
3789
3793
3000
7452
5081
9554
27786
19949
18130
32355
17565
28699
25682
4108
28272
32379
7400
9577
12859
25523
9906
31219
1062
3999
3374
6656
29368
31731
13133
11406
22930
25634
15305
2620
11357
13439
19385
17817
28161
29858
23395
2209
10263
12558
2385
27525
30370
10257
9127
10411
31737
15851
23475
20982
20744
31794
22470
27463
17848
8308
5954
3652
1452
32287
23797
31576
29998
14238
5029
15354
23145
4805
24812
14899
9944
27759
23111
29018
29950
3941
4201
7203
3672
29314
25813
984
3472
8725
23979
21733
28915
22663
27586
7322
12581
2622
22264
21549
12307
26816
17606
7422
5162
8476
3352
4639
25543
22918
20827
21268
29934
12865
2519
11223
1342
19906
32063
32288
3620
9234
22150
20450
10576
9588
19701
8985
6501
28744
4731
31427
19189
7727
31812
12588
25004
27760
6540
879
9675
17306
11446
30266
26072
25195
15000
30673
8340
12273
9242
25430
2862
30959
32255
18759
18358
7298
6914
8520
24532
27652
31781
18723
22458
16945
6982
29965
27991
5512
17395
29995
22478
2548
28287
29780
6950
17836
20821
5145
17475
3416
7309
2562
8469
27509
5053
8731
18703
26362
31250
19119
2523
3388
1183
3412
3148
21263
18164
6439
17812
4398
19955
16985
2231
8157
23775
6891
19519
21964
182
2229
30770
28223
28097
31917
20545
6764
23401
12134
20034
16932
21068
1751
224
14262
8336
2398
17041
25361
26743
517
23753
10280
32052
14851
27502
3227
510
27526
5259
24723
32610
20911
26696
28397
25309
31198
32026
30876
7338
14897
7223
32584
20441
28999
4685
9019
18593
29514
30835
6270
11511
18476
2400
30527
7007
7984
22234
27510
11267
7085
29554
1993
2050
24335
25711
16300
2826
29726
28680
19660
9001
32643
7126
942
25312
22919
28552
23443
31098
29983
20441
11680
1435
14374
1471
28475
30236
10473
17893
27576
27926
5352
19548
16693
22845
5339
24718
9410
14704
4596
21875
12742
16014
12388
23047
18590
16266
17184
11771
16518
13250
11493
3754
28861
10124
21113
28752
21732
24338
565
22390
20647
7009
29888
26289
22176
13756
19229
29836
30328
1334
11752
15811
5712
17024
29148
1970
23391
24063
26009
18188
1500
31777
11428
7888
17438
3058
19376
19321
16642
11242
18972
20086
29069
20745
3260
28121
26066
25639
19932
23635
8470
18821
22146
7520
15667
1703
23796
31167
23866
31334
11386
6181
13148
23361
31333
3634
7691
28660
3152
32164
8284
13900
5030
4555
14768
27705
25189
28989
24723
12069
23841
30666
9444
9604
20043
19634
15671
26284
32435
10518
887
5351
14156
25261
9424
24007
4143
3768
2251
21690
12515
20792
13243
23518
26076
11358
10329
3863
12097
25667
3243
25950
11507
19161
5674
31836
3018
2082
291
16951
22562
12959
5982
29100
22934
19468
2558
5214
23563
30282
8872
32621
2545
29853
4071
32331
15301
19735
20687
8139
24794
7764
993
22907
25946
32104
7471
30004
14727
28694
18369
31983
24135
22339
30262
6362
6880
23977
26286
5036
16384
16080
7656
31029
7168
31290
7592
825
1129
18142
23132
18558
6328
23257
13310
25124
8798
23391
30268
31541
13835
2295
9175
32381
31276
31720
4425
22172
14003
1262
4778
29785
4630
1586
16596
3897
8090
22649
6598
21585
8913
4252
70
30552
11361
14648
24267
23040
29704
21670
29081
15750
5085
15150
31790
12936
2265
10615
28125
15128
7317
4930
14777
21262
7253
3672
26036
21154
326
27073
5384
24378
28164
17719
4566
24192
9567
15579
6669
8120
24159
32038
29582
12113
6534
21281
2958
2233
23380
3289
9531
6774
28689
15885
23458
20595
7366
15659
31440
6295
24973
27771
29751
5532
12554
9113
29268
29727
16698
19752
20367
5619
22891
3269
29795
1979
16780
314
24766
29880
13991
30452
25771
3295
2220
7864
19502
4399
17776
7313
623
31297
5365
781
28699
27937
10988
3752
6408
29276
29048
13705
15640
9050
20789
24428
95
16878
14969
23008
24200
28204
21466
23730
28020
28283
29168
12969
13093
15851
15452
23155
4827
21704
9224
13280
5500
24431
3761
3406
4409
22368
23459
9573
29807
12949
9668
29956
14283
7442
26324
21882
15282
28862
24563
22266
5344
24433
27492
23369
3151
846
7056
18618
22106
18771
19278
26972
17698
27182
865
19058
31281
25938
22850
12323
23389
12875
11041
29043
20207
7246
23846
20594
773
31765
31740
8883
17461
17386
26768
24064
10099
4609
28950
23884
2869
15626
31566
29161
13269
3847
9221
5372
1846
8795
30686
19757
11178
5412
10578
7331
3603
1739
26614
2863
4937
5082
15612
8391
30908
17421
4349
25655
10331
7851
16118
12819
948
22806
22672
32752
27228
21409
32676
24531
32657
22691
30974
22506
29470
20938
23649
25210
20863
26545
1484
10777
8006
16308
11260
22045
17341
19459
16434
31572
1741
25077
31542
1270
9758
2719
15260
10711
17792
16806
6470
16865
16010
5713
21034
4034
4992
25314
29781
21218
2426
3623
26928
13720
11715
2892
17923
27549
19072
3059
1463
5313
3730
6278
4064
14300
27837
716
12539
27144
30217
26299
26611
30221
13160
11662
11499
6173
17050
18199
5431
8642
14926
3413
30891
6676
6538
1609
31769
11823
17996
30726
9493
1508
24434
776
23291
20655
26071
14022
31028
7913
191
21642
22196
23359
24949
13441
26311
30819
2610
270
22286
9985
31809
15460
20164
10229
4449
17492
13126
3771
1131
18531
5587
2087
27956
26144
11920
31062
13237
24501
2255
2788
15977
8379
17552
29791
24567
1363
4424
7164
18449
6002
17890
24201
31644
13948
14852
5027
6161
23829
17555
8745
26147
31028
889
14577
32674
2680
20646
32697
3231
31424
2132
21600
23505
25846
1168
26710
23095
15915
29174
21073
11775
5353
25020
26689
30887
23236
15602
30087
1122
27699
32007
8545
24765
19102
19856
6569
12930
15544
31557
21952
15068
18703
21580
1477
22973
16098
23995
522
3965
16690
600
20168
16836
2075
7843
2065
18345
19557
3606
18951
283
4439
7595
26956
32128
16587
1951
4025
30109
19848
23669
4435
7350
20427
32063
3450
3318
20519
2841
12388
21265
13455
28662
10442
23847
946
25759
9697
20716
29319
6136
29068
3334
28712
23429
31440
22966
9187
31022
25736
3259
4494
5695
27738
9331
22556
18355
15849
7748
15982
15282
1612
3130
619
7256
23488
11761
7763
4024
19865
4278
30800
31009
12415
31465
12367
24480
31446
9893
13
7621
17790
4004
24949
16042
17597
22620
28457
11314
19833
2670
13151
4751
15019
13889
22766
7431
18192
13802
29352
28663
12066
5968
19691
1048
12102
29069
32115
18177
12871
10647
9586
9453
17411
27167
6627
24511
7268
21177
26139
22339
22162
8766
23713
9911
10343
24686
10815
15242
11812
19162
8025
18787
7778
2306
9086
16229
31307
27578
1853
8882
3593
15314
10298
29229
21887
23541
7041
30597
6455
16850
21017
10607
22428
2682
27613
818
20074
11785
11399
30057
14434
5769
18190
21508
4930
7699
29490
26001
500
14391
340
30650
7942
19103
24716
7438
21338
30958
19190
30724
1311
26606
3148
14140
13055
15339
5818
9993
20378
22106
23021
31789
28980
5823
4206
15331
10666
8909
30510
25891
6827
31182
9058
16161
6692
22341
27280
28951
31484
10450
4330
18244
19970
6999
12764
18740
12068
857
5857
1347
29409
9385
28826
13661
18433
7491
9761
8455
8579
30582
11931
24739
31959
10053
10508
26095
22605
30478
9840
28112
28110
10089
23047
16206
1482
18003
9200
23519
30321
396
10745
1256
8998
30781
29366
14977
4144
20446
14032
6009
24243
4183
23712
11929
17631
2917
20988
19757
22120
21312
14417
18113
12598
1147
5874
11817
25181
26411
1968
8132
5967
11083
4523
257
28497
17503
9832
22817
299
10328
29987
10047
26916
30136
2150
22926
29485
17654
25050
18915
13661
10532
2142
25459
11933
9167
15446
21981
15781
4135
17989
31083
1063
18783
5023
18580
2633
4183
5592
4806
13913
29817
6081
19555
27836
17377
32020
8202
27688
18112
8269
9495
14868
18946
17084
24429
13164
15662
17113
27763
5512
26510
3287
348
4959
30865
31100
7852
19192
30573
3887
7415
12066
22024
22867
30444
14693
11033
18899
29843
30776
22410
22782
7123
19828
6946
22422
2615
28937
23648
10019
7154
3056
10154
19597
1056
32609
10663
4330
14926
11333
10473
9365
24893
20206
17103
30848
2787
17158
28585
16843
32179
17349
4638
23445
24350
31847
5579
31506
26458
31966
24877
27101
610
26308
7873
14992
574
26259
8553
11155
18052
19736
26642
11313
32031
23845
1172
14321
24655
8583
27097
31779
5617
24375
25922
31673
5121
30677
18246
9560
11869
20561
32605
4015
12747
4076
12060
20488
12350
19295
30881
7964
25173
28761
3121
16428
16933
1327
14624
24141
17208
4303
1521
21508
19413
16119
5055
4370
21378
5284
20700
4753
19144
18636
16055
8512
12342
5455
20227
18972
30377
5164
7189
17712
8394
31984
142
16045
13783
22133
21051
13885
29607
28872
17465
26773
25064
15211
13405
30537
10924
19389
26578
17125
23588
10166
31492
11065
30634
10455
2237
10740
29189
2913
19598
31605
2281
32198
17521
18909
4542
17501
5548
3689
9634
17753
14585
7423
20145
4348
12771
3590
6788
14856
21875
31355
13815
4727
25612
15937
30256
8299
31380
13497
29405
24424
7892
9107
5564
8641
27426
18404
17249
9808
7485
14712
308
13930
3192
6249
15545
24594
19227
14576
6164
8301
30470
16764
24524
4727
32151
28417
3535
30195
22222
29587
32182
8872
31663
9011
13899
15306
7144
25321
27720
14263
22196
3603
8802
4068
31487
17916
2694
11542
4811
24496
3171
25557
15826
25615
5416
5405
8045
22049
5263
18264
25524
13225
19226
19337
8167
25597
19868
17098
4621
2324
25084
6136
986
26337
6454
16813
21718
21727
19106
24686
28604
28142
21625
3366
12064
29277
17813
27603
30037
4168
21624
22144
31630
1572
18320
13427
7235
21400
12986
20903
7383
27790
11780
19069
14967
8843
27063
24494
32325
14395
17301
18052
7350
21329
16735
18762
25656
16526
5274
19457
32537
15902
2963
2388
3236
16427
5025
7118
21901
25517
12458
10059
8079
895
3560
13996
25683
9144
3053
8655
28564
10040
28645
4031
10369
897
6172
26919
2658
26313
22976
20237
4223
1101
27623
27068
6461
31463
979
9218
1163
2531
1653
9884
4476
2063
29489
10223
16181
20753
27617
25593
13578
7421
32284
20614
30180
30247
4536
24999
25318
16694
8333
29280
20816
2938
7036
9633
14243
4992
8369
21367
13830
16355
26404
22148
32232
30820
870
19885
23783
5437
27034
9746
28400
22707
20673
323
15272
9963
23356
19377
17163
28670
10379
5986
15699
79
13403
3817
4636
11037
9920
5270
19141
852
31167
25066
1049
5801
6159
15181
9007
24293
22816
3075
20878
23937
32349
32349
1173
5492
5551
25644
5147
22345
25922
891
9298
4980
17547
7038
26353
9958
1674
13765
30610
21983
22860
6069
22360
26884
16053
26681
19414
8369
636
23989
9516
29328
20855
2108
12147
17771
22041
3074
21340
7998
32313
24596
10771
31121
19988
25926
2154
12292
25750
26989
17715
15660
5333
27343
16109
14749
14559
12248
25764
20808
8629
1807
17938
8968
18583
17224
28426
15991
9602
18458
4631
13318
20216
14995
18016
27469
18175
10795
23758
13215
6508
17911
4209
17122
12129
29215
5664
5789
31765
20882
20320
27475
26323
6136
9352
15888
5702
14313
18978
3137
243
16732
30099
17864
26375
1122
17663
9552
6483
19476
24167
25310
12693
17865
2580
29865
8185
26765
19513
21036
12767
28879
16852
28025
30175
17498
17621
22224
8458
21127
7042
15984
22899
17584
14106
18605
2543
4839
17848
26691
8984
20712
7035
13034
28056
18253
14052
25643
20900
11521
25727
625
14278
5367
17862
23139
26336
25628
16194
17521
878
25482
4595
26797
5131
17150
9202
29917
12087
8076
15445
30926
13911
25233
13907
23787
16893
3306
28585
9997
9066
16995
30267
405
8017
10610
14591
14521
17886
29478
16407
8731
3063
8026
12349
8864
2498
20782
7524
18047
615
18360
28828
8088
6423
20214
25911
24072
22349
15623
24874
22266
26707
20379
11446
28095
11785
32169
19783
4898
4834
4448
1948
20213
15663
7775
19752
2032
1952
10280
6328
32188
25351
3282
32343
10570
1376
2047
29294
30569
2575
25102
3120
4504
26472
8082
18229
10520
23924
17666
2149
30790
16882
690
27160
28200
19869
23809
4988
14406
20141
9428
7990
7867
25760
21572
21836
26251
10554
9108
15426
11831
27339
27238
17795
30863
23472
8494
6403
22984
23324
5862
17443
31438
15129
12036
20437
26331
10185
15273
512
22345
5106
18459
20006
29093
20153
26485
14660
11268
9902
23453
13561
19354
15881
10359
13803
12680
29747
26456
2407
27126
2185
28350
11847
12642
23132
8766
13593
25655
27196
32445
27517
3234
118
14051
22223
673
7387
29645
16902
21085
5059
3586
25308
23737
31826
21161
23088
26155
21498
10489
5032
1995
31553
11248
18586
13993
28613
3144
10797
21860
26493
20135
30395
1016
12609
14870
32378
8664
32397
2740
23388
13885
31362
15531
24627
12989
21037
868
793
17439
4620
16631
18191
9582
31950
4582
26852
10572
16219
16650
21337
28041
9748
14285
7810
27892
14172
16026
7791
25457
22359
8594
17676
14412
22769
3457
23366
25293
8227
14608
21871
32013
14706
11836
18148
30983
2744
18438
14573
11250
294
14444
26852
9167
24714
10905
12698
31550
6094
21849
9206
8085
16065
4559
4831
15667
8475
19050
5724
17938
31419
22037
18938
18076
18738
5038
19055
31936
22149
22970
13948
25924
24879
3671
14104
13149
1382
31601
21194
26237
19359
13113
4183
29292
84
6355
11421
11674
14597
24911
26559
31156
10877
8411
11650
23157
13398
14391
7415
28351
17855
13929
13147
32746
32637
689
7739
7004
14128
25279
30939
27225
16344
12580
30937
15389
7063
22535
19982
30248
31417
25625
14773
24282
11249
17355
8399
30271
25061
1726
7622
20780
29165
12666
21840
10891
28696
31076
4758
7923
19569
31978
28310
18044
21888
19457
1733
8401
17427
21713
1785
1926
13374
2222
2695
6828
12192
19787
6312
23459
11496
3626
16418
27184
10392
599
5668
6095
15113
31318
7281
17739
20399
19034
21184
16011
24991
9400
30563
2223
24910
30874
15144
22108
10140
10488
27773
5715
6673
12228
24023
20553
25702
357
2900
17395
27463
17511
17311
32352
23639
12657
22548
22923
32629
12151
6180
6705
11582
48
7163
8160
3794
4299
8801
23377
2779
17118
1502
32503
972
16799
3362
7640
19303
14166
6819
11420
28546
30482
32648
6371
17418
28315
30150
27356
20040
29865
1417
9492
30051
18259
22997
22155
7207
20170
18541
4877
2052
30791
4340
17855
14682
15682
5970
4601
6388
10981
7513
13907
7890
32192
16297
9731
22059
9662
14800
19558
25266
18008
13750
11996
27417
1800
10809
24793
3283
18433
3348
32313
15647
3869
23557
8148
15170
16663
16687
32339
30739
31482
22205
14146
5821
8153
19912
26726
27329
28353
31866
5456
5946
13548
6004
2866
13157
28727
6766
14066
6240
30166
9245
8573
15410
28999
18778
1630
15884
20356
9088
14479
1999
27261
7702
18830
10445
2245
18350
9908
19924
1420
10764
8387
31337
13517
28043
4542
26449
22472
19389
5373
10838
13747
5458
1408
2887
11437
20283
13956
10817
20211
11023
6740
23341
24662
24237
19298
23178
18413
7971
11158
16237
18951
17102
3558
20165
7779
20163
7719
5092
13988
29550
31522
25147
18687
15481
14059
9317
29495
30703
12654
7272
2507
6306
331
31031
26478
6090
24292
25979
20663
6638
17843
29586
16410
23304
16354
2776
11799
9700
4117
14886
10673
23241
11659
5017
21794
18779
18021
30101
6861
25024
15429
25865
11892
258
20251
23796
11947
23732
27196
14120
31372
20953
18357
4686
4013
6913
24030
22826
1103
12725
19250
20256
29144
24341
13405
17911
25476
16320
18583
24798
7511
16116
24625
2220
20310
19703
26989
30060
2294
21685
6035
28953
213
13482
2113
14246
1192
16130
21251
6209
9588
1279
14115
15321
29698
29084
23491
13534
24973
30576
22056
15432
6333
21972
27225
16346
25305
14664
14825
9640
27960
15123
21777
26839
760
1066
25090
29604
3827
5971
20088
23207
31215
1674
16275
23897
14613
6052
13283
20437
8357
7218
3009
20955
20199
168
27622
30490
17253
22207
11830
17583
30295
24343
21725
10217
1119
22049
13213
19023
17014
2108
17254
26340
20006
28958
21544
1193
28155
27254
4325
14948
22068
11727
2570
24480
9661
11704
14847
20213
12130
2594
14333
7561
25405
9225
3360
27607
27760
5207
24509
13231
22298
2565
26869
14206
21123
21379
26762
30416
25498
5978
2802
19475
7074
16
30122
6046
10024
24395
28109
7154
18744
3130
19685
28479
5840
305
14337
9770
1685
31891
19720
7117
10437
10485
14924
31487
7021
4224
29794
27862
3804
24471
32306
4203
28247
15034
30538
8157
270
11179
25720
26265
5967
27087
26263
27864
6138
470
21417
31849
565
8351
26150
25264
14176
1365
30356
5103
8524
24287
29528
5060
2215
6263
2764
18163
12219
22936
15249
4710
1369
15646
16167
27506
1039
937
698
15708
4513
17730
8767
18460
29367
26177
6592
23648
9940
21357
8436
6356
16519
18790
25875
3233
3557
11072
5352
25395
9526
11377
29480
32064
10735
20973
25346
6918
24033
3727
8951
31700
21167
32443
10732
5835
20357
1858
23166
20710
16135
23429
149
21560
14728
11998
19772
27765
32637
5435
17584
3252
30769
22284
21174
25203
2234
15456
31026
6620
22315
4938
19702
14151
19979
30090
13528
10751
29702
4457
7943
31817
27619
31205
8351
17570
12470
16910
13178
15433
25175
26544
1610
7933
13842
20786
4836
14344
24480
25278
28383
16508
1622
28323
2654
29373
6813
1271
20778
30527
8098
26240
25092
3729
15695
7893
20537
7323
11897
2496
9078
31012
24411
18407
2526
10647
20547
26283
28762
26630
4235
16209
30000
7023
26059
20831
26840
9534
29517
7241
20747
10260
30145
15437
8732
11207
26418
20124
8843
17066
7993
24762
11480
5134
17265
28455
17301
28680
7210
14143
11199
20597
8546
24671
334
27452
21489
16457
31243
14803
14083
16074
19106
6661
32203
7322
25080
27634
16758
8579
28350
20823
21342
30149
25415
29199
32641
10938
27542
27098
21297
14006
2492
17246
15373
26673
19553
9323
4911
5160
21408
3971
26791
960
6168
24218
9000
25901
10303
23322
18434
17362
20474
5930
32592
19369
24171
27696
10355
23526
32266
17044
4799
11479
21240
1736
11891
3343
21392
28549
18927
31171
3902
31063
12065
5748
22420
15195
13633
18382
32666
31047
6846
30161
9574
5804
15224
14638
14829
20344
30511
30708
15129
22975
23611
13675
21532
21691
27262
6464
22531
10513
664
29155
19086
15957
21849
13870
27455
10705
26492
19015
30385
14978
32146
3015
4651
1636
1084
26908
5493
23792
18589
2092
9962
17122
5391
16442
24015
23359
1557
27406
24291
24983
11154
20816
10039
6535
19000
13878
31040
22403
20802
18015
8235
1746
22630
28158
32112
20698
14853
23098
5290
18846
7590
10709
2470
17797
1698
4364
17594
15453
15136
29887
12632
23967
5956
16594
19170
14837
8356
32211
27584
9721
28156
27101
4785
14912
14114
6332
4702
5271
8508
24401
24373
16012
6960
3640
28532
23857
24156
16297
24964
3612
26504
15516
23689
5554
31768
15665
24375
17062
3974
2126
28903
10940
7440
13962
26858
9427
18862
7242
16413
9250
25159
7977
8381
22722
2596
31390
10365
14700
11685
14297
4310
23173
3379
23789
12703
13911
29813
5940
4573
19106
29127
25839
31452
12115
8680
558
16767
2707
25586
7408
14804
1539
2448
5258
2283
10566
22379
18509
18665
15809
27109
14691
13144
8094
21002
1018
17857
8215
32451
29605
5245
23793
17997
14078
16328
12614
9194
30353
16151
9096
32215
21237
30380
29891
1917
3644
19303
13602
5099
25742
10463
437
27780
22544
11697
20337
32757
29706
29208
26489
32107
19274
7358
30876
12290
13763
14802
25118
11904
4474
2139
7099
13123
2723
12748
24297
12408
12038
8152
30046
29838
20648
25735
20690
29418
31656
26762
20486
1245
871
21452
21765
14035
27371
25673
4265
30157
11398
10019
10082
12561
9394
18418
4915
17439
9280
27228
26365
15592
28082
16871
22272
21051
8677
23562
10911
7808
24563
20618
31587
29352
7255
19460
25923
21860
29522
10437
3107
661
31374
2530
6810
32516
22018
11398
7672
5204
5141
25478
25480
18741
5382
28987
15122
10714
395
13200
17060
29868
5304
22106
8082
32576
15651
32744
18620
26502
22854
11227
17935
25924
4900
10296
2383
20419
7984
26812
17427
11209
25194
9328
24337
21958
17355
29053
30363
7250
11491
21312
106
24279
32193
28321
32411
1163
30739
22689
25591
24482
25998
13107
3447
20673
32144
3149
29959
16053
19972
13118
395
13925
11143
30786
6176
18181
27848
2644
21156
28301
30005
26435
32632
10858
21204
4616
20100
115
29550
855
20348
5150
13555
2164
9570
7156
21786
1096
4941
19266
1096
18100
18024
1042
8115
28197
317
25945
22215
1897
3124
2418
16329
24513
3926
2251
8122
15671
14679
5343
27006
28977
22484
16228
14397
31047
17625
16837
18698
8786
19878
22738
14274
25029
30387
2231
823
22849
16625
23850
7310
14435
21587
31209
1510
28897
13197
3940
17467
28885
23836
1974
10377
22360
32134
32730
13364
22355
5859
24860
7335
15506
16796
11981
12859
18202
27251
23611
11867
20669
12739
16097
11495
28907
20489
28890
21717
4811
9124
14236
29726
12682
19417
17122
4824
12020
29978
22506
16799
30785
14984
15585
10042
27953
16566
30876
4476
15707
28080
14984
3431
12225
25148
32484
19096
2217
6239
17197
19935
424
19235
24282
14125
2048
2968
21578
7859
13612
10009
11771
19784
13752
17104
15356
21515
4694
20605
17829
18250
3887
16498
901
8355
5495
5346
30108
3177
23364
14940
27082
9802
15776
18835
18056
26926
220
5728
28118
22113
27432
12298
19572
6133
28001
14020
26965
8802
20010
10871
2385
6512
2878
5826
15130
31831
25861
16448
24433
23844
18533
14089
410
10078
2778
29307
5133
14826
11465
23098
25966
22572
5649
24693
25023
13935
228
4459
29653
9607
1749
15406
6920
8628
1073
6311
2351
18634
17811
3803
23756
31631
13235
876
19331
11877
29055
19811
20689
11561
8301
14636
13562
22106
16143
15586
67
4478
21992
16846
11874
1217
26238
10026
13875
19936
20656
25130
14764
16965
8778
24381
29203
31348
1239
2192
11374
11429
15798
5587
27196
6834
29808
2369
31330
5940
13129
32218
7784
26089
22037
10995
4069
31578
23373
16625
31288
24506
19298
850
15481
14608
10833
17389
1968
16537
10104
9082
11588
10087
32680
15188
12726
11855
17787
5246
30606
29954
1000
4068
5782
17530
28436
9188
13127
22680
5995
4877
27265
27915
21232
39
9599
4467
20689
883
27145
2246
2879
9524
31467
14323
2940
24941
23719
26566
13366
6381
4711
24076
1555
5001
10037
4599
4749
30633
22382
32708
4352
23302
28276
24474
18945
20657
11428
17334
19698
6232
18824
25029
9171
21189
26189
2961
31067
24487
1143
6880
25928
18581
21715
21657
21235
23888
29357
1833
13863
25928
24388
26661
563
2658
20859
30001
5950
24825
11729
23584
6619
12579
14995
11869
26846
25909
25681
25481
9581
16777
9870
28517
346
18814
27835
28403
18352
30145
32615
12504
21387
8139
20912
7429
26925
18091
17149
16278
9551
4358
10479
31482
30389
12380
13716
9557
22021
2444
3550
5410
12249
18075
9300
24861
13587
13745
11272
22368
1393
6500
14281
28620
26721
20025
22937
15786
2070
26984
22114
9362
25307
13536
16868
21644
26279
11403
5874
20854
27378
24787
8158
2470
31944
25189
17202
16336
12572
6965
2208
19497
29022
14530
27196
30924
30288
2971
17897
32093
25877
34
785
24045
17034
5264
16538
12574
12506
28729
7957
4488
11085
18
31544
15963
13409
15472
11406
12101
10780
31762
7277
8086
13472
30818
18729
21666
768
26360
2439
9062
19026
19552
9332
31087
15110
27677
4343
27896
24694
31213
29285
6227
7869
28751
9428
17546
17101
12355
28113
10053
22716
20049
9558
14318
15455
12492
27382
24596
6170
25432
15195
2829
17910
17322
31218
22752
18164
27535
17125
30818
17570
31792
6474
27806
20715
11924
17818
16762
22579
19814
30820
29592
31140
31737
1346
3963
14786
28297
18957
19435
17222
30660
5709
9114
10793
3976
9971
12807
25855
14063
2635
22435
28806
23945
44
26931
20863
11240
10866
28277
26812
22370
8621
13318
19835
25362
16923
13443
8690
29216
17620
7406
5675
3906
31045
28756
3346
3459
13023
3757
6093
26180
16144
8964
15179
14464
30579
15576
13344
19796
17476
6337
11408
17854
8982
23639
6377
21925
1480
18767
11799
12313
7605
11239
9842
2269
26411
2181
18650
20258
2335
19610
26118
1430
23838
1741
16409
23453
13191
27222
4214
27614
10232
8615
8150
17410
6662
13394
9368
6584
7729
1063
23384
20733
31510
9628
3522
14234
1767
6003
31656
6638
31001
7574
23123
5357
1116
17222
24087
18793
19664
18548
554
21649
3702
32367
695
12727
2021
22464
15661
26966
32062
12114
27357
12627
26465
2775
27076
25219
9057
23654
1957
26478
13878
1897
860
2130
30898
11446
14446
14443
16311
508
10468
18546
21670
14433
22874
8804
21018
13929
13139
29316
14551
10522
25039
24995
20733
12382
23584
17567
11138
10920
4857
25898
22494
25562
29640
18380
8712
11111
13893
4907
27810
5556
10315
31883
31600
27845
27624
23953
16911
5141
23472
22348
2788
25541
2390
9846
2642
16121
2685
3318
12848
27008
1995
29866
22906
24755
16959
12132
3142
15263
709
30770
6138
22118
10248
6627
10173
19682
18056
24262
1323
2188
3820
11701
20813
26012
28313
30802
18888
13170
7811
24209
28244
5173
5187
11127
6768
32698
2411
3873
26453
28071
3350
14855
27176
27352
21443
15746
8819
7681
14691
21900
11478
32661
10672
32711
3578
18663
25281
962
10695
24208
17883
20599
15063
14864
10891
21272
24106
5816
26609
11019
1819
26055
2143
24371
28562
19923
23331
30833
22652
14698
22688
9578
11896
14586
3236
19339
26323
15342
31477
10571
10423
25882
12845
28080
5791
32345
200
26901
19470
20340
124
15146
25473
23622
27593
8764
6306
19998
29136
20407
23230
3173
31848
26089
25465
18561
7279
776
9665
248
4190
32119
10496
16345
6432
13637
9366
6232
4389
7927
28550
10168
31154
27527
6255
7534
29307
29100
14783
3715
20339
15452
24099
6202
16611
25231
2370
5619
16825
3143
14506
28239
16419
18637
28938
15253
13405
6717
11171
21332
6600
23108
14329
29002
32315
23593
26062
2437
7069
28682
2896
1480
12212
11113
15250
29232
1592
6887
16697
23831
26924
16718
12664
28217
27502
2005
11070
30997
16780
928
5805
3735
7385
13447
30927
20979
15552
8472
12164
5332
10841
29663
10687
32438
21050
32229
28658
17296
28816
17014
4295
11703
878
28711
17937
32511
14180
27416
26114
27939
596
19575
29854
15719
24705
31557
26991
17275
26601
16989
32123
18339
9685
1970
5491
6165
31406
2264
7213
18850
26642
16582
24916
27545
1319
23258
20575
13033
3375
22301
5055
24709
15453
17353
30813
26381
28391
12296
9539
5034
13917
15359
31641
15930
22841
27147
13012
17581
28855
5450
1322
21934
6375
12638
73
20102
26368
14189
20040
12350
6647
25708
2782
28676
14672
11422
30930
9937
5685
2135
11186
25672
25285
32262
31176
10464
21422
3442
19018
19269
32766
24644
5073
19708
29494
25542
7948
25158
9632
12266
25014
12616
20195
24462
1477
3176
18133
15870
28901
11258
26768
28091
24612
11036
11208
27771
27631
19422
26716
6256
2109
18087
30762
6861
21770
10452
11048
23431
21255
1697
16817
25176
20624
1101
24860
18698
8926
31353
13971
8946
32638
14802
15394
32187
2561
12783
21519
24421
27126
32636
11882
25996
32021
9625
11492
27118
31165
30333
14565
20520
5537
28511
16344
24768
1214
2966
18890
21864
25744
21247
24115
31361
26501
10143
11027
2527
21682
5769
8769
8908
12228
12290
256
847
7482
10980
30164
26286
22226
22336
22676
11569
17473
9287
10431
12585
3111
15723
17939
27953
12610
705
5980
22452
4066
24746
5003
6063
20381
19122
24839
30392
7491
23992
32584
13376
16661
27984
11937
7701
25905
101
2653
4650
8273
291
2318
19867
6325
9235
22306
11500
21342
19080
16311
16786
893
25659
6065
24756
28203
5170
24329
3890
13914
7398
3175
28391
9484
22436
14068
4395
16835
15156
4713
21148
20280
13753
29037
9247
79
24024
16925
25889
31051
16156
14572
13091
28990
17817
7597
21109
1988
3280
28398
5185
8945
5587
20360
24012
27016
10410
29300
13561
11630
25844
30944
30223
23134
17873
30338
5819
15581
7424
4141
6745
13681
18757
26786
7023
11278
11278
20392
3706
22481
8789
26463
8686
12017
1224
13265
24440
4850
29480
18634
29318
3355
28399
2538
14345
12075
2357
12536
31609
27720
10196
3705
1306
32312
9675
14465
23935
10963
21216
7114
27212
32184
5770
8963
18496
19008
14861
26730
1650
2480
7655
9629
9946
27059
24171
21933
2068
7943
11180
15733
7265
20598
22684
20010
4591
11784
25973
5683
20570
2167
2392
13370
28530
31971
32564
131
2879
2247
6634
24700
6466
6700
25519
30870
8958
28700
19633
12372
2487
24410
11517
15521
14202
20304
7584
9319
24925
841
27916
29533
16136
992
12990
3873
23412
15544
17950
25222
25331
8814
7335
21295
4721
29900
21319
13661
11257
28992
26377
12805
5243
2444
24817
21286
32460
29374
31015
10841
18414
8291
30041
17834
26770
32760
18010
26278
8155
2209
10511
12213
15205
29470
20107
15274
8326
11770
20345
21401
31443
25093
28346
14056
13286
6917
28496
10665
6239
26793
379
15655
20009
3006
2849
1727
32767
933
20339
14578
25134
4101
14798
21176
29852
31421
20447
22806
9737
15901
3851
20210
15509
23381
14606
24359
10114
29997
21474
27861
7740
759
24802
32250
12438
12226
3887
13383
11351
14801
27987
18476
31733
26188
24100
14902
25248
23860
21739
11930
14722
412
7366
10002
4678
6679
12107
3815
25303
23917
24174
19791
7786
14226
21925
20986
24510
23256
13898
20456
2210
29027
21312
6781
31417
733
20441
22743
19834
25196
9719
863
9594
14561
22386
24478
4334
32563
20154
28243
3435
32043
12990
32706
6897
8288
12812
25166
40
16230
2361
24394
9193
7491
18563
31245
8192
16674
7349
9540
28977
30284
8011
25229
26745
2131
29143
65
16789
3984
10403
27024
713
25040
18584
15572
2522
31563
23646
7199
27228
29654
25797
27670
308
21593
10340
29955
24917
24706
9856
6693
32205
10427
12591
6987
13573
30810
29372
5281
8516
29720
25166
12489
21110
31941
27589
16685
21804
10810
20197
12436
10979
29326
31158
1012
6025
20877
25130
23943
26685
1125
8961
13857
5975
11683
24554
16577
29096
30046
13547
11366
8451
31154
13570
14372
16379
9073
15373
19830
23279
13076
6119
5334
580
6648
19668
14475
20978
29639
31007
18883
4674
13363
7169
31713
21974
23787
17349
10776
14569
20423
26410
23353
9688
4422
28169
14281
17121
3899
11575
9815
27947
16323
22957
524
25863
11386
14054
8068
3958
15855
1161
5084
28907
23381
28488
29197
17746
12923
2312
29304
22864
15358
3138
14530
2253
20413
28329
11233
1712
23949
1805
5239
20969
7726
19071
30047
31669
20606
25782
21126
8989
22253
12209
23037
18880
18737
20126
9036
26067
20027
28667
30984
21862
21097
31483
24744
5865
28157
11307
21652
27374
4046
25941
25727
17201
16445
13476
12279
8917
4203
22282
28474
21488
2473
14815
32332
5706
12592
16331
7750
11106
29715
19685
24817
25522
3953
24092
29331
4404
18671
12247
13833
805
2917
14296
26390
28425
15320
30310
14075
27375
23209
25259
5960
23798
17675
30299
9969
1040
10938
7318
30116
32262
3051
2064
4442
28349
21374
13423
4653
11447
24955
5876
6249
5852
6588
16990
28901
30587
19175
523
21396
6284
416
12385
28759
27960
7164
19564
15893
29851
12600
4808
16398
14792
8619
7618
13676
5389
25337
20666
26395
4729
23690
4812
2011
8604
26682
7343
23188
29326
19282
24028
4841
9267
15288
15603
9231
10172
17762
14171
29152
32113
9232
9257
6187
11950
25915
7748
15439
10540
26184
22982
7432
24450
770
26789
21640
21228
2119
12946
202
27210
16129
9249
17955
14956
9049
22827
24602
9100
7207
18033
13433
26652
18092
9857
7332
8387
10883
11742
22826
12706
27093
19035
25498
9435
16845
29128
4760
3668
28491
17360
17455
23736
19421
802
617
15295
14059
10703
22045
27568
7985
7411
15369
12836
16498
17304
28704
18444
26987
1239
805
26869
24071
28992
28281
26507
10705
7037
6706
27484
30382
25649
2412
15327
15308
15654
8420
15541
22742
10152
15299
32558
29034
29228
695
3343
7372
31030
14664
20627
15836
28537
30058
15791
5957
28991
30030
8346
28664
26379
1918
13709
23513
31613
14633
28104
31927
10359
16059
1493
20354
8062
19121
20752
22968
4451
18092
24167
19233
6434
8900
23135
26556
19978
12062
21079
19961
16670
13249
15633
27944
27068
15013
27758
16434
17788
16397
19577
8327
12123
15639
5031
17751
12825
16530
18526
17157
23007
2575
16307
7897
18725
23355
31096
19189
5331
29548
32118
7818
11174
27001
7671
7755
19670
22479
17288
10530
20982
3777
9724
23842
20507
16672
5812
18622
21568
24332
16414
15416
16105
4873
32380
20316
775
5462
13799
28525
19484
18810
18835
2400
20383
23071
6228
9288
19874
18211
8801
18
1202
6637
15449
3186
7423
13309
29571
19485
20157
27591
1882
30777
18377
27586
7241
30737
5264
1980
2995
270
4141
31856
30006
29411
8145
19802
30001
17415
15720
13514
9347
4712
5497
23096
17814
11358
15438
17111
17053
9693
15958
12396
24857
19952
4039
25185
20130
6242
8071
27925
27364
20414
4429
7031
29416
9083
25348
3795
29077
26224
368
4332
6518
4494
4115
19530
27581
24269
26706
24277
20616
4199
5076
31395
1124
14405
17963
2319
32527
5046
6582
1035
14211
20327
5061
31159
26927
18320
13311
28210
16008
6251
4865
4015
1216
4842
21576
28876
19669
27049
28497
15648
7630
10786
5118
7187
7234
22048
11836
13811
19225
12662
19683
3908
18838
6128
28638
11863
12950
28554
395
16158
274
2784
32612
10558
7659
4070
5600
19558
31463
14041
13204
22239
24310
30069
22430
27237
18363
27241
8003
822
1095
7432
22231
21864
27944
25921
4573
5247
23970
4049
3696
22847
21052
4791
26594
6591
20607
26088
23714
26559
31738
21573
11107
26939
31881
22730
19322
16193
6615
23560
1160
20223
12322
26069
10586
8480
25150
5954
31245
19289
11485
205
29046
6206
16141
10456
449
24923
15362
22106
1111
20352
18966
29653
24838
30044
4878
7816
12380
30797
6559
13797
23891
15223
2097
32581
2612
16660
23778
12763
15541
13834
5838
32486
5476
23491
18574
27179
5705
17465
13310
1699
15559
5200
21315
27505
29380
16489
29453
29974
6922
30516
16922
9960
15596
11973
31228
16577
4908
2027
1307
23796
540
31677
17917
10885
14596
1909
25541
6041
708
19074
16378
43
2490
19160
31114
13569
4838
21387
8463
28382
29772
8604
592
506
19098
21267
9995
26031
12811
19533
30450
25717
1675
1944
6387
2064
28444
765
31164
5640
14456
16477
7039
12378
17144
3008
4850
28269
1972
31721
21915
583
30956
24878
15690
15873
16807
5766
25831
3448
10393
26852
17005
14406
6730
2243
8759
32753
7797
14850
26491
28257
15534
13811
13844
26776
5192
29615
27012
22941
11126
19116
32057
2489
14768
9105
18959
30182
29017
11080
15639
15237
3230
15445
27543
27727
8609
29287
10321
24206
471
7213
32264
19853
10414
32619
13121
24141
32116
9037
15175
23673
27764
5371
14449
17308
7010
23149
29607
26770
15609
1921
27939
22333
18402
10571
27253
14457
5336
31660
9674
21585
10250
7462
621
1139
10688
13550
27278
10977
21058
16195
14915
234
19702
29695
23500
21081
22216
31596
31003
30956
7118
25944
26260
11271
6188
5740
11025
30890
54
8121
18729
30113
29653
13460
11698
2042
300
12964
26500
19388
14971
28729
3200
29910
25411
17631
28625
15446
30891
52
3442
11739
6434
17142
20208
26957
3910
28256
3442
11467
1028
7607
29942
15077
7169
24096
11485
28940
1081
6324
27050
8774
12775
25302
19463
2599
22948
10436
12553
27644
25042
26221
22452
12873
21563
25219
32706
8822
4854
8144
26016
30917
21643
30925
16314
135
11094
6513
8440
31888
7217
19271
25736
29672
2125
18371
1759
14019
28257
1238
4090
12211
18183
12224
29418
21789
98
18982
1679
20202
23813
7524
31652
9342
14864
30756
29691
1774
156
27184
7946
2925
18010
29316
32679
27144
24950
21416
16144
5268
29634
572
12590
14820
12560
25044
28187
2367
25823
17415
9441
18960
31547
24003
2949
7136
4318
9955
4164
29314
20123
22532
12316
8845
5117
31380
5774
4624
13611
16171
27299
24960
20494
3615
27949
8437
31926
1619
19535
26006
23802
24143
20543
21330
20319
23446
17739
28370
18748
21555
18202
19371
7195
28310
20789
27351
10849
5022
14533
23910
20274
18167
29599
32625
32143
22950
20605
24400
23233
10978
1166
9484
22523
27430
12850
3607
3899
5508
19710
20795
26481
4924
32519
32465
17379
15757
29533
12595
17104
12747
10709
8564
20307
11186
14348
29774
2699
23034
7080
21339
20473
24875
481
9864
22825
179
10305
456
17557
3638
15015
6917
966
15141
21138
23644
29884
22674
31644
26249
10896
3395
24901
6048
10584
12805
2546
27135
6475
18498
17206
16256
13606
16086
9039
27891
30670
31007
17396
6603
19766
19539
6734
18455
19075
26391
4164
6324
12654
22349
17147
8129
17130
8749
2717
23892
9479
8855
12122
11883
24599
8615
28589
18982
14095
23947
15329
7987
24368
29329
19155
9609
23270
23172
27641
30809
31728
30265
15011
19521
20673
21861
5761
5572
294
12465
1382
29687
24106
18961
25163
13180
10551
10065
32151
32180
22141
23281
4766
2097
20119
20274
13927
22634
29548
18289
9138
28595
27732
2996
2105
29548
32125
29315
14135
9592
28300
15609
