3226
15953
25526
32284
8344
28615
31555
22244
20014
31865
23821
16677
27348
30099
24803
21373
6267
971
8427
17037
28694
30687
6212
5383
13657
16191
5353
24072
30657
4358
217
29097
17620
26415
18037
18385
20394
6150
21545
333
12716
9180
846
17186
10396
2815
26191
23585
30166
16362
16907
26813
17109
2488
13947
26906
12024
27359
23189
32102
27270
24602
20336
15468
753
2983
3752
22630
17495
8371
30724
1555
21582
8979
25174
23050
27105
20276
13219
4174
18134
15957
17540
29218
22067
6899
4812
19999
5120
31109
1899
13955
8781
10602
21395
31180
12151
4640
10521
2438
4520
28854
21021
17249
15261
2436
27629
20614
28332
8729
18727
3883
19973
22389
16158
14949
14136
9337
25215
17470
1015
11419
30517
5640
6429
7902
6025
10993
26352
17666
22158
14551
16035
4855
25020
23389
8480
19096
26075
30014
27396
1942
15139
15329
490
18354
7329
8494
26348
17200
28380
4001
21095
10632
22969
11420
15615
5726
14748
5378
31203
21172
11216
18433
18002
13919
14889
13359
29279
15799
27111
6873
1777
10131
12766
15767
3341
12149
7124
2596
23128
14337
5419
14445
1751
31156
12992
3816
28666
2514
27666
16679
27865
19872
4519
7341
6077
11732
683
30720
20706
7754
26075
6144
24187
19960
27041
32630
19959
4900
20352
23792
31363
26580
18099
2765
23760
2695
23057
21908
2070
5922
30004
31882
30809
11309
17626
8323
5611
28735
30347
5368
4658
2999
7037
18266
427
27309
12980
12454
22319
23337
7789
1338
9333
23442
2237
5863
17369
11625
31606
7495
20315
55
12106
22608
2283
18627
22067
16682
6116
6281
25874
15678
16342
2408
8342
1936
29832
4507
29023
17486
28477
21482
17251
29353
10551
16417
29841
12515
24442
6082
5813
1705
978
10999
2204
10660
16151
25034
10872
28747
26800
26008
12677
26363
5974
32451
24301
15177
12058
31400
7658
29079
4266
11729
19754
6373
19920
26219
14199
28906
1851
25338
32663
13923
22402
8523
881
2476
28518
6570
31346
9101
18264
14934
21295
19542
2619
14130
5196
18734
7530
445
17564
13224
27133
32068
7817
28567
19272
17239
4791
13092
18085
3193
24036
21789
28788
4379
13843
21904
8799
30412
21225
21657
26339
7594
21847
27512
15883
25116
21113
7142
8063
9923
1470
18858
23998
15021
28234
29287
20136
28620
23448
6072
23871
30119
11620
3966
26798
19536
19144
11897
5259
25494
5285
278
28249
14971
22340
1672
3153
4841
32573
8730
2402
3488
5528
14020
630
17011
18227
8444
30967
10420
31587
718
16017
25581
15838
5679
20026
18640
32729
31119
13936
11889
29805
10925
30914
24499
3135
9135
658
16640
21600
20082
8985
32318
15474
16927
8876
21758
2061
32511
24381
20214
28513
7312
4644
177
13084
7640
8992
8325
10126
24569
11416
2502
31498
22278
5415
57
15248
3349
25176
18379
24490
6037
10414
25731
22164
30434
15592
5814
25503
5143
2690
26490
18647
20772
13183
22876
1252
24352
23910
4438
10286
20192
20363
3067
1349
4040
18063
13045
16511
20705
8490
26289
739
30764
18984
20569
21573
9270
946
4099
24755
27629
30671
6952
11536
20658
12843
24407
32511
5807
26390
32042
31747
30571
11215
12154
17380
25243
1027
13007
2644
16700
26769
16666
29650
28382
11152
30119
14799
23875
23955
11597
23055
5672
6187
14056
21843
3939
20910
26633
16693
1326
7735
27115
12627
20163
494
21161
15279
24873
14474
24239
7254
29773
5652
24174
15424
32340
25837
11349
8056
31024
25874
16124
32380
9841
20639
11170
3815
17758
2450
11481
16205
28485
21714
384
27239
3599
18032
14322
17776
8471
17196
14717
3534
17469
15163
10774
14837
11574
583
28746
12681
4902
26808
31096
20674
13424
31282
3646
15125
28364
1374
19249
16657
7579
20718
4561
23943
12920
8667
1468
3565
15376
30449
27169
2564
20275
7566
29560
7865
1579
935
24944
12361
2636
27403
29993
10153
23500
25068
6052
20261
19413
9371
17528
25159
23769
19603
3270
21754
32038
28857
18030
5615
20410
6882
15235
20544
30552
13974
28157
28756
6107
23828
17326
28674
459
8853
11896
11769
15406
18645
9404
21599
24736
31440
32277
4792
32166
30153
2119
12042
29504
17297
26738
12862
32189
27142
7308
13258
25299
13274
12557
2189
29935
30358
32492
22778
24778
31198
1483
25209
31037
25590
13935
26634
30038
20357
16754
5676
21675
28313
15932
24061
24046
24300
15919
2978
27586
4966
8226
7145
31693
30434
14353
5421
13327
11317
7954
26491
21106
3948
16267
6130
15010
23638
29091
15216
5662
7747
15350
1131
14992
19722
3213
26652
19034
15185
32269
7907
17265
14856
32046
999
28782
5431
25199
6141
28642
19962
21513
11211
17898
13769
1057
29997
11268
20221
8001
5079
4897
5776
32521
18748
3068
6949
29986
26543
2473
1352
17012
15560
12913
29942
3737
31498
13021
22624
29585
26306
18193
8172
29111
18994
28251
29565
24563
29935
32012
19700
11314
19080
135
7159
19
9320
10647
22257
7651
2814
12550
7513
2508
2587
27243
20280
21321
9371
31043
15845
4829
11079
23619
23059
28677
31482
17133
782
17259
26115
24930
23362
10588
19659
13943
17917
6268
10680
30730
29302
20665
5200
6551
6157
13949
32674
8454
18388
28200
14305
15815
30543
19389
25427
22049
10360
27355
2665
32455
21254
752
27440
4269
29423
19369
7144
20761
24620
1453
16625
24573
21436
31626
23023
24708
15851
3823
27174
4075
20948
9757
38
16018
27173
3480
24749
24403
11042
8738
22729
8466
1517
22249
31549
18069
260
27648
19750
12438
27147
26892
9694
19991
21708
12352
17953
26358
2940
15755
27246
29889
21567
26127
23728
32203
12271
11222
18718
9856
30233
31168
23136
27893
29257
23488
24819
17092
26248
1864
2510
30998
5922
18434
26694
13057
17325
9409
22319
21013
12614
20663
30020
4401
10782
15592
16585
16795
5686
24030
5742
24144
4454
31135
6007
27033
8868
4572
15130
18655
30851
15979
3880
4800
20218
3064
27632
867
25191
13047
8033
2824
5075
15068
21358
10979
8824
23951
13239
5162
7808
16154
5733
15725
30992
19877
11349
25126
21893
23973
31866
8337
32766
22096
11900
10685
11546
596
26789
14307
26371
22728
17662
16120
19371
21091
8629
2942
85
7916
20674
17311
32344
20209
27338
32380
7455
17852
18756
26051
32117
1923
27610
5503
14847
14303
19730
11829
266
23679
27181
19756
31624
14366
592
24332
9556
20914
20705
171
31422
31719
18228
25123
8003
28875
2407
24616
24988
21963
12938
18328
16635
15326
9219
30548
22417
28672
25649
21583
20051
12258
20560
17380
15870
5856
9629
8301
8536
22323
9658
23569
15545
4968
23123
17885
7883
27664
15362
9494
7822
5562
16496
7886
31391
2846
5054
6582
32185
12187
291
5171
19580
30180
20182
8372
16493
24310
4398
31810
29759
25933
14599
29529
25937
10327
24937
2294
20087
27689
8292
5105
8189
16753
24382
18061
14569
27051
32209
21582
17793
19352
17710
10762
26381
3052
28038
27715
2270
7751
15179
12212
1679
25191
30610
8234
1931
8604
18364
2453
13263
124
10325
30559
9714
14551
3900
24060
15970
12270
30980
707
15344
15583
26011
5628
15759
13156
2089
13114
4440
1725
11835
15339
29906
6379
8737
16429
10865
2591
3220
27107
2140
7282
6557
7688
25715
32726
25778
18500
401
6733
28705
1213
25102
8281
11186
7216
9097
4531
20103
1600
18404
28223
2120
26126
3983
14144
19837
13577
18698
4297
17211
4104
14757
6004
3587
23190
907
15957
2023
11404
11518
18737
8686
15846
11492
14060
29882
17615
8323
12353
17512
31230
3721
20150
31672
14149
23375
20430
25198
25703
21086
2176
4856
9771
26931
11496
29520
942
7999
16445
13604
30205
7986
16643
8501
5603
1401
25985
12797
23552
28677
31862
16788
10011
15183
17928
20180
31930
4249
22781
7612
14319
10614
26669
14098
6772
27788
31799
2892
29690
18329
30068
15537
21439
27316
27177
21692
30815
18646
13569
26817
29164
408
18362
29138
10816
6206
5662
23524
18322
7157
11573
4142
7496
9561
19129
32466
7948
19770
2250
27583
2594
160
29155
726
14585
22028
4365
30540
21760
18433
21074
12879
23226
30915
18293
21740
9237
25439
9440
4400
27896
7659
2782
7821
1563
4367
28426
19840
10779
18629
14856
32369
10446
16988
28018
32731
23764
23491
26133
6060
8046
18436
3678
15343
11923
11535
5391
16040
14657
20153
31798
28927
1554
27396
5216
417
26639
11169
14346
6756
30152
20659
23384
298
13989
30934
17418
16391
14967
10848
32171
6310
20306
487
24075
18152
18847
10755
11760
22223
4717
84
18953
4507
28680
3015
20515
17970
15565
10262
11423
28869
60
2702
7204
1457
7759
1045
30097
25507
4362
9323
20534
12544
24660
8880
23107
10372
19461
12071
29568
6441
23616
4665
24639
7498
19459
15549
10384
19720
508
11638
30643
28653
2975
20445
4051
29135
20085
14369
9713
7927
25527
24685
14878
27523
21019
19305
16365
18953
6638
12291
11048
21885
18275
4719
13506
21077
32555
28268
27661
19178
14661
22218
26669
19234
7704
11817
11725
32588
14783
23811
7440
14923
31140
10477
31690
9975
10320
4377
28657
10432
23425
21536
32334
12181
2173
766
24952
772
12967
17758
19715
18594
26704
13081
28917
18861
463
26361
20857
15344
22228
11970
18136
4583
24057
31859
14756
5668
27290
31945
28471
22001
31975
30469
31324
7991
22583
23023
9291
5534
21408
6683
25051
8950
6340
17771
10483
18134
17645
28629
14913
2434
8285
23910
13103
5650
24543
3463
31763
16337
9378
2944
26278
30436
11847
10298
4280
28716
29497
329
24354
1133
4925
31017
9467
2735
22602
1224
19215
12772
14746
29253
2956
7628
5377
3320
5631
19222
4734
17074
12159
32456
26128
11846
9000
17632
25546
11080
5836
16955
6698
22292
6116
23991
26279
8978
29901
1173
14473
23609
13873
3617
30205
19410
19651
660
14185
21887
18223
18745
19709
13947
9296
463
17035
18979
5540
3375
21912
30646
17918
2350
4531
11609
30843
17349
1797
3166
5047
26991
20266
10949
27969
29395
21567
3587
26956
5539
3644
17155
17063
15556
10884
14187
3823
19375
20923
14368
21251
12567
32728
14604
15288
3276
8827
18975
20174
27871
29056
23955
10275
26119
13780
17269
5927
2883
29319
32353
12432
2241
9251
21901
10319
26111
2621
18440
1986
13104
12105
17732
5163
9697
8883
20179
31073
26844
6443
26478
3269
9036
26432
29499
15480
31523
2608
27984
32459
5817
13054
5747
22007
25013
1990
291
15375
6449
3918
7901
2866
25369
31453
12952
13829
29908
16976
19602
25696
3367
18026
13134
18504
17750
28012
24029
16158
32140
28133
25438
4885
26748
15308
961
28906
31305
19404
11728
26063
16035
8415
9839
31144
23092
22558
13602
14713
15162
9944
31185
17951
15733
32481
20424
15167
17731
19756
25090
637
5642
1692
21671
26350
26582
30488
10195
31951
67
1758
14233
12663
21150
27161
32072
6026
27463
28341
30188
17264
10841
23666
21016
19461
4493
6967
21219
17298
10588
5034
30769
15613
16740
32253
25652
12604
4109
4874
6194
22799
30060
21411
28296
20207
25960
23075
30191
3393
15643
27209
4606
7376
1915
13127
1264
1914
30009
30741
18088
25386
3049
4619
19698
2310
20580
431
10508
19689
28778
460
7781
18707
12172
20676
5796
4639
6985
9254
5868
26422
19064
31363
6750
12931
11238
16254
30176
28134
10303
30243
10525
16365
6962
23930
16589
25856
26576
17243
11831
14555
11317
31107
14324
29762
22635
8424
26613
29423
11403
16202
6856
5584
25125
21259
5142
5487
1250
22848
15473
22706
15976
31240
27724
9156
6526
20253
26699
13139
113
30888
29374
6140
31414
29786
5736
26115
28112
27320
3716
3400
25973
26294
28682
28022
9964
11144
30766
31358
5049
7349
9257
1348
8060
27757
30269
31895
23831
1052
3059
14951
26383
23359
27048
12594
10037
12407
8007
3520
16773
22747
10840
8464
9806
6547
14650
9874
3987
16291
13228
14999
28081
27140
11411
5381
1859
14841
8439
23631
20547
23968
10318
9380
15474
10439
31229
28519
4345
12290
27676
16096
31056
6650
20345
4657
25439
6920
19680
23947
26339
20227
10138
21153
15380
25942
2356
3421
1413
21333
14978
30930
29003
209
28130
115
30049
8937
32453
24962
11083
14628
19052
12491
3834
24765
1520
26769
9456
29246
13701
4809
19364
7504
10495
25478
15400
30418
8598
22453
32265
11560
1254
11274
21111
22230
16698
16442
23205
3917
18185
14955
32115
22020
15297
32488
20555
25547
18884
20506
1864
27229
12720
10932
12446
29236
228
12845
16182
19105
4416
16755
10392
16411
13867
29662
6670
3288
15067
14946
2310
14234
5585
20746
8889
21708
30114
10401
24330
24013
2813
6322
15025
4748
13290
28084
23704
6485
27728
10110
10885
20714
10170
31745
4346
2262
30810
29237
602
5118
10063
10580
29004
27001
8739
8263
19044
18337
24984
4445
12545
3434
11684
13891
881
15859
25274
2097
27228
25179
7243
20577
30559
15830
26765
7365
5879
2048
27003
27897
22945
8561
1821
11127
22591
30353
5897
18186
14270
1197
7466
133
4086
13643
2496
16564
14801
955
6312
2707
18608
8431
13790
23998
13066
2445
2880
7465
28246
16961
7060
19985
556
11864
3789
17202
22183
13451
5002
2107
16909
9752
31200
8575
6578
7192
27481
29677
18969
16140
25660
26946
14941
11449
21007
9341
32463
28726
31579
23187
7905
16451
5295
9061
29251
30684
9959
22255
22859
32014
10926
19138
21658
2570
32066
948
16381
3192
4728
12246
13457
3853
2047
31910
22059
24928
32232
7558
4086
29177
22630
5741
1118
3755
20179
7901
13357
32549
27636
12565
8436
11715
25470
6535
28333
21162
24793
6796
18590
21779
13091
30807
3457
22247
31352
295
1761
7821
14961
26049
12231
21247
30186
30238
20118
15908
14345
5729
26164
2394
11900
12
17002
10321
14593
9074
9102
26144
4652
15728
19807
18578
30053
30040
32048
15809
26160
5934
2889
18407
31921
15895
15242
7024
23407
782
337
25428
12888
985
15006
8099
29445
22075
9845
21090
6720
15212
6788
28309
12995
10182
15366
15773
30019
29377
16359
11972
10669
17185
30249
17687
11696
2926
9350
6004
17531
10917
29783
5859
5064
1325
30644
3881
29209
10764
2525
5531
27201
22619
3800
23089
6183
30967
22108
3803
17095
24698
9710
22808
22393
28010
11850
452
10870
22192
28676
22321
8344
15947
21359
30074
9825
23621
30654
26900
6207
21990
32105
24486
14
5417
20435
23323
19423
13420
12841
6901
25080
21099
5005
12260
13852
25199
28276
28055
17420
19651
14156
11986
4941
29544
7779
8129
10284
28425
10500
652
1536
6193
26083
8747
9903
12476
16570
26492
2931
16780
14645
17554
19166
125
268
27216
16412
21146
17774
31799
16249
16017
10150
13949
29730
25444
10489
14943
19248
18274
3533
29880
4066
4950
31761
21201
7466
3582
22744
14715
18540
27582
10567
29275
27010
18070
31410
902
9219
21074
5634
9550
21957
8448
602
19035
20128
2983
6906
28157
13685
4918
15459
7360
15983
19899
19643
27457
5769
13269
9076
20289
10321
25196
5161
3832
7659
9375
8392
15019
17496
23038
5878
25729
13305
3322
7343
2707
25166
19865
28717
26434
260
9327
24332
7117
20015
12745
14507
26915
14804
19755
16341
27381
1194
14589
24481
2320
15393
16001
10134
4842
14244
17928
21267
14714
31515
16230
24558
23373
8885
28323
30812
22231
15332
28915
13329
22279
12201
3560
29864
19998
8721
10471
24900
4800
27392
26329
17784
21323
3117
23586
22372
21353
18542
22231
10529
10209
16438
6443
18784
25779
14171
6187
22349
29027
26653
4780
3514
30613
1893
5249
2425
8154
24138
14833
20233
4298
7385
18280
21366
25683
18966
26988
3194
1872
30014
12499
19432
14173
3151
7987
27210
4842
31690
22427
1225
28559
31672
18304
21070
27295
11755
23546
21479
26624
29062
5937
25708
29498
4032
6673
27490
14029
9700
30278
14111
32200
28828
23652
16943
29591
23664
31333
26615
5661
32650
7769
19608
3587
24764
29017
31767
24911
12228
24253
1210
13368
21198
31631
4277
3128
27962
575
17157
18788
17312
13975
23453
18937
8465
17906
26304
27703
8608
30633
31662
25202
1569
16847
20098
3430
30001
5662
6491
20683
19831
31536
8378
5673
27945
17907
22315
29166
4817
1879
25640
7870
15185
585
4666
17162
8484
15845
26721
13540
16616
2023
29366
12305
1817
31587
32335
12896
2848
24503
19555
29243
31628
29629
174
9084
8095
31045
20247
32386
4620
5314
11409
15747
6399
21827
1855
1059
16222
30885
18907
25926
4942
16391
11864
31523
11770
26751
9158
17819
26768
7179
19319
17096
25227
28363
20832
30168
15672
15469
9153
20508
12403
31208
19977
12380
23730
20333
31476
27758
32326
3738
25078
6406
26077
22770
9180
976
23114
2698
23217
5052
18313
15620
24798
922
24317
30401
5014
10982
3325
23123
5233
18661
26511
27185
20055
1521
31347
13487
16800
7952
5220
31789
23417
28620
31130
12174
23690
20031
8083
18156
4822
28014
22035
22665
27362
14808
362
31241
7193
25678
18933
16863
29807
3844
25831
32006
1861
20713
23113
27889
17292
820
27712
8644
13614
3391
911
17604
30121
8857
17756
26380
4093
10071
13879
10371
23497
11946
3672
19210
5041
18359
9000
1530
11010
3234
2564
11725
9881
10220
22589
1051
32001
17408
9315
17353
16859
6408
11459
15741
8323
3333
18222
6228
27120
6687
32252
2776
14812
28473
32337
8236
30501
32457
15263
23946
13172
28647
27756
23536
11804
9636
17494
10773
32325
20636
3924
2722
10313
16079
4670
25247
8798
23980
21648
27691
3190
8815
14187
369
8035
19629
32220
5079
5951
14125
10849
9080
7435
11002
21929
19157
29590
26806
25244
12999
27552
23601
13211
697
25408
11835
17673
8467
21635
10422
20746
22521
14166
8431
24714
12854
15014
23598
28034
9331
6341
8843
31350
22189
2832
29700
17219
8678
8399
5069
27415
5658
32092
24039
19393
7284
16776
6900
18987
2498
9274
17994
21540
13607
32345
31302
27491
26383
19948
30434
25033
13416
29824
30346
10983
6672
13514
17708
26304
27785
13198
19855
2512
28660
32704
4325
17997
11325
26088
15523
6828
20883
4811
21136
10599
16667
18759
5916
15870
3557
12159
14836
9020
2591
30520
27859
11963
13448
25987
23707
9642
6696
32157
16548
24270
63
21267
29780
17863
27259
18217
20208
9109
20845
13693
11697
20570
7486
21480
25627
12897
14494
18853
1674
11872
20478
16821
17166
27898
4351
31873
15480
6536
32298
9410
7093
32281
10977
27550
19291
8375
29589
12307
4482
17901
1594
13721
31701
31878
20216
11779
20969
5782
7460
6823
461
13247
5230
18622
15074
16557
15964
27918
10988
4067
20471
8902
4458
28602
30660
20905
7459
24998
18421
16238
18434
22204
4321
20583
9507
5489
16306
15202
21806
11429
5469
13517
5348
6112
18904
21789
6647
30939
28551
15984
12831
2626
10999
17776
22634
12216
4814
8571
13524
18204
19458
26626
14871
7946
13898
22319
21956
13989
15570
13259
26259
10900
7987
15966
27895
29515
18082
920
10742
22668
31591
3055
8248
15917
3730
11914
11102
11803
19433
2910
8597
17311
18468
28823
13162
23520
24413
12089
32224
12202
30658
8967
703
14957
23693
29092
31536
4745
17718
17656
14471
5832
23782
1237
1888
5420
24112
21466
18669
20204
5884
21400
13966
32185
26819
29684
930
15941
6402
20940
20894
1030
1512
26846
10844
31288
4946
7397
29877
30241
25594
24068
5969
24216
13035
27752
15806
11464
24889
32554
29632
27186
3054
21106
2792
20465
15943
24802
32360
27458
5153
19506
18726
27459
24750
14615
25103
31739
11628
8810
21166
21147
9560
26502
7165
20227
16479
6642
23931
22152
17173
20032
29310
19445
26281
29748
31179
18639
15641
31273
31588
31710
9634
16305
8353
20712
25979
7036
12930
17856
14530
30843
21060
4224
28599
20036
8242
31506
27688
30905
17598
6133
4908
13028
4048
13373
1812
14630
8798
10972
15775
22161
22077
32033
18029
24978
22583
21630
21942
27603
10333
20878
26428
10591
29854
19542
3454
21256
409
27084
16687
2054
5552
10901
17638
29408
6750
22291
28951
13712
26570
27807
31810
24802
28316
28691
4970
31517
13327
18828
22217
23013
21575
3438
3778
21344
32486
22184
11543
2712
8666
5689
28252
23328
13944
31731
12204
10235
25807
23678
19610
4537
28982
14497
6506
22499
10280
18877
19842
27033
15442
14234
29211
27002
19177
23398
10556
10436
31297
13307
24809
23996
26268
28513
18072
6481
20800
11668
3812
16380
17868
24711
25989
2538
10699
28008
6528
20061
27274
29478
22939
7760
15655
23089
5396
29274
9451
4481
21650
28628
13273
7385
8028
2366
14727
22605
16585
32223
21549
5378
504
31916
6140
29493
11200
28267
16561
7550
25834
11032
8553
18774
16542
7816
18103
8408
4380
8268
32500
31172
21165
728
15574
32201
17112
7653
2116
10244
30680
22547
29033
15300
3150
29651
14856
6288
13108
9092
10511
3947
18450
10460
15470
7510
12148
906
11561
12055
7067
29465
31148
21049
2419
20504
27232
30548
2501
120
17531
10638
10926
2869
7964
24418
5456
3897
3735
18592
13255
8573
6669
15797
29534
22129
12097
13357
30467
31390
2214
23670
19961
16009
14781
19687
717
23003
21917
24064
5771
27072
25555
7156
15409
3725
5997
29028
26724
3237
31826
28526
2402
29853
3797
22246
31544
5790
29065
18147
3125
17675
13654
13438
9630
10852
26572
4054
27811
13931
23480
14936
28562
26245
24565
12861
13131
28002
22661
5971
13556
32224
28128
27905
13294
15661
18060
15749
22535
8236
32494
641
2033
14363
21344
30390
1011
12914
12420
13583
6366
4110
7639
18657
32579
22414
13961
4977
15075
18174
9356
10935
3687
18611
20971
5473
22353
12149
17501
2075
26163
32228
22298
2062
10014
15636
18157
5798
11870
9851
17546
19097
32100
9485
291
31269
5124
29093
26934
23193
8673
20135
425
14614
27685
9955
6936
12439
15221
5053
20334
303
26148
3723
32178
27794
19110
20799
14372
15319
20040
10822
22665
21116
13343
18352
11971
29355
24638
15760
32164
5819
23340
19366
14852
1018
10646
9787
16401
31402
19520
17997
29415
10057
31809
1260
31329
14614
30576
1508
4910
16848
28954
13724
9511
17089
31478
24126
5087
2811
31322
6168
32124
19170
32174
6467
23494
234
1570
10370
15230
9122
6556
14188
32241
11506
12532
26574
22733
27296
22116
75
2098
14361
2106
5189
26380
1391
13264
25345
24993
20382
23742
12805
30310
28179
17486
9925
14615
22895
9521
25471
3078
20360
22384
27492
948
30896
28837
4600
10398
29243
13418
31163
2905
25147
26898
26121
24289
30862
25751
25663
3375
283
26068
4127
31241
27480
3572
30582
26654
27408
3627
24827
13394
5731
23972
31355
23383
9486
3002
12851
32125
13548
618
16254
21707
14269
19720
7856
20814
28199
14130
1089
20401
5114
22531
2862
7694
8632
23944
8860
17156
18261
11384
32446
15114
1083
10271
4346
8194
145
13980
19271
28434
3005
21836
13018
24751
25639
20870
1537
1786
11328
31113
31055
9808
12484
22962
20473
31772
25660
23027
21376
26608
13254
20352
28304
10965
6424
22219
28457
12511
3523
2483
13308
6404
17333
26104
18712
28461
18178
30707
14277
19598
27876
7556
3504
21043
13312
30027
24393
12764
31210
19995
18794
14603
10732
10923
13881
4699
18691
11663
26959
12563
811
359
5914
6907
7644
4439
2943
1135
29653
9655
9156
29361
24088
14603
8110
22660
11830
6453
3558
24822
7628
10473
22433
23677
22350
21858
12160
1093
31747
5203
26549
1993
19281
32289
29544
6305
20283
22607
5977
26778
12840
9274
3526
19980
8678
1542
8591
616
25582
6104
1176
12049
32490
32069
25967
15469
7540
19211
2095
5947
3617
5887
26276
24615
1214
17479
7087
14747
217
24521
7660
10201
32132
8419
3475
14151
20053
25181
6556
23817
19889
10140
16423
17877
16458
536
28186
1795
4583
27408
16908
26084
20324
25980
30306
10581
505
31811
14007
10644
20415
28846
25730
4690
1391
11548
3826
2825
28013
20472
8733
14735
6150
25321
4442
21228
30966
4680
235
11881
32302
30935
13024
3817
980
21424
15159
5756
18826
12923
16200
6194
19699
30692
17505
15405
11635
15949
20909
10746
32055
29887
26970
11554
9078
18471
7418
2043
13302
11455
16682
26820
24529
7114
1138
13553
25465
22916
28013
7876
5626
22361
1066
14621
32127
1621
10961
32147
3352
11740
27018
30915
28602
6811
12698
4328
1160
14782
23503
6829
28752
29795
26143
12351
26713
24399
13452
32421
6748
4832
22859
32084
21968
16195
10276
17406
23146
20711
6428
29356
28645
14642
15954
24588
11007
12146
20775
524
964
32278
6817
17575
8462
12318
15122
17151
32077
13008
5364
5805
18564
16301
24344
12629
11156
8867
8704
29821
20669
12420
9353
31647
21858
439
3020
19580
2316
17710
12871
25012
7602
16279
31288
17300
11576
19159
8010
9007
14389
27060
19315
11184
505
17361
29469
32238
28111
7648
15492
2625
16767
8723
30303
15509
28951
3283
25026
11964
22507
4533
21315
21769
731
3242
28508
22810
28628
21366
1552
5877
26266
15203
20945
28759
20164
10038
7586
27208
9992
12642
5753
18675
440
18044
19431
7605
10893
17391
9210
31604
22948
28401
18019
17714
6086
22453
17108
19169
14316
31970
30380
10361
2562
17221
30166
6985
10988
5570
31470
16778
5575
16785
8870
30778
23153
25255
30313
19240
7499
29809
2622
11083
17469
23240
12782
24407
29947
30498
4457
25234
18567
7685
3174
9700
22520
194
22858
26414
1657
24415
15179
4829
11412
5845
10197
25535
2225
24444
23340
13589
6361
20419
8276
15081
16832
30500
20526
5282
26371
9559
19427
28117
22702
12742
30341
8542
14849
22338
29172
4784
17780
30708
8959
12649
4600
23958
16588
23338
15744
18915
29562
4005
8384
27467
17924
10999
28724
2540
28521
6713
28261
190
14090
15953
4968
22285
30803
28942
19879
3629
2461
24693
16356
30569
2643
13397
8314
9788
23636
12834
7654
21188
19609
21247
27783
16499
12056
29
24994
32008
29160
26948
16297
3005
27557
10671
6077
20674
26902
12061
25713
20715
15885
5925
16849
6566
23951
30410
26275
25903
15669
16463
17132
20231
2002
15181
26550
11426
25430
17154
7185
24159
19955
16108
17240
11454
22142
2454
30901
1486
13335
14771
999
12004
268
361
2883
16018
7419
6127
9977
29399
31287
24922
14745
14228
23149
18612
12758
28991
16008
79
6537
24539
3537
7256
5625
11816
14427
15279
15705
279
22686
13046
26002
7040
6242
28137
20547
27159
23775
31469
22534
2973
32290
29931
758
10579
3506
16222
7790
13236
28788
18603
18451
22371
20428
18098
2068
15971
9733
8610
24752
29062
27123
273
30457
28200
7638
12108
14552
17436
17794
18155
9298
20455
1981
24233
5129
25900
32489
10099
13574
32104
31971
12479
2485
16096
17962
18207
7729
28631
2116
8470
20930
10755
3933
20010
22949
25154
32562
7226
24843
6282
4909
26386
27235
17438
10705
1597
21980
20488
8025
19738
12582
15299
15260
20787
13433
13368
14132
27337
4313
14572
7135
9140
29592
8567
1061
2154
25372
5944
32316
3933
22755
22343
5672
2698
15555
20651
19238
22350
9591
29389
29771
16508
599
16429
22633
18094
4711
31060
32050
17112
19603
29706
29088
5923
7481
29384
6036
25080
7400
4208
12477
26458
9320
5180
12987
9338
25082
16884
9860
16773
21472
31333
5895
21953
19488
16398
21264
12760
24966
29724
1644
9332
29160
24473
28237
27915
6573
23776
11504
20733
17552
13652
124
1756
15266
1873
24878
27658
21646
18531
19123
14474
9761
14262
13525
9488
26122
21710
32602
14170
21470
11896
21801
10435
21855
7681
19119
6934
10237
17061
15233
4000
19357
20810
11075
21641
2714
3183
11720
23652
17161
30815
6778
13316
21826
8106
3837
2705
23452
31701
1295
32732
3959
22097
32691
11504
32640
13738
5006
6890
31536
11009
20113
7178
22422
5052
17112
15113
29015
9084
14546
13485
4083
19023
19619
12188
3657
19240
31430
9838
27742
5772
24567
14341
11866
15757
12368
21025
11475
4348
10674
27183
14926
16603
1382
14434
16899
4113
11524
10501
17377
28769
13972
30736
20946
6813
27636
11001
29248
30487
24954
23756
3032
27225
24537
4222
16014
23062
9545
32127
19937
32352
16866
2702
96
21274
4937
27345
6253
15793
9103
4389
19009
15111
28502
28083
21296
10672
22326
10692
5678
1121
16479
21974
24979
8357
10367
15854
16923
17874
12518
22577
1841
12348
25832
430
23661
21672
16258
32127
7259
30724
13377
27152
16510
28501
16224
8382
4756
7152
16688
13220
796
30701
10429
32177
18710
18137
12719
30974
12042
16043
14702
20319
12619
15609
28554
22841
20861
23660
25945
32403
17237
32370
16610
11887
22176
7474
5881
24666
17031
31173
12460
21570
13841
31395
16350
1160
20969
20059
18226
32342
28514
9864
14635
5171
22712
7936
4753
7892
22169
9550
29718
16437
14051
29795
32569
23785
12464
30856
31339
16303
18832
12183
112
6981
8213
22891
16137
24193
16277
3221
2256
3741
24875
848
15971
7123
15871
13496
21188
25641
22215
3638
28416
22671
21646
24895
30991
30759
26292
22846
508
5604
16951
3534
24390
7254
9776
1325
29573
17348
2465
15085
27216
28284
22125
32493
27487
8039
21928
16520
2285
16096
12561
6668
28000
8646
11741
12398
3116
1744
1207
15164
23029
32289
31492
18642
20468
28445
8555
4817
16027
12410
23445
30413
13180
26266
5425
26438
30311
7192
18492
26842
25042
18593
14463
28600
6782
14853
2137
12632
27224
5005
2750
15978
17054
22416
30336
30988
10562
12097
24269
15167
5523
25803
5370
16796
26
17312
22398
11843
10690
21261
29250
14357
24125
7955
13336
23075
13730
882
23944
5989
6491
11526
27859
9904
4158
17750
27442
6882
5626
31851
8031
23392
437
25822
18774
194
16371
22069
19293
27084
25530
18800
25666
7328
21236
25566
24292
18483
4628
9269
23284
31230
29436
26082
4861
23542
11038
11934
17314
3773
5346
31298
6184
29722
8264
30940
16436
32167
14031
29442
4821
21449
5781
18534
25284
26853
26815
15531
26603
19665
5915
1655
25125
21641
9476
21706
22853
27172
3975
16014
7769
6406
30916
20591
29232
10838
8854
11500
29977
26035
31862
29358
17390
18978
18588
23833
26193
21323
7272
21282
29238
7910
16385
22624
2210
1648
12604
5221
4017
290
19903
25678
19934
25123
26726
10905
19071
18173
19941
20791
6031
19022
31919
12770
26800
20160
5143
22705
7024
30266
16053
21738
5324
6488
7180
3095
6131
21273
28009
17244
31308
29912
2574
21255
22713
30334
24208
14441
12830
14069
31614
31205
2845
8416
30531
4422
32548
1929
10062
20565
25258
20506
29808
29612
23221
15121
20101
22469
3488
25070
854
1110
20763
15662
31934
481
31091
18045
10764
11654
11796
2856
6313
32541
26444
17105
32763
30081
31057
15974
17544
7470
20614
17236
13919
25871
17146
9975
3764
13713
6961
15957
28874
32252
16424
30221
29206
11267
7827
9866
28065
16794
14185
30844
9902
32007
30626
28041
32413
18236
15680
24895
16911
23652
11660
5710
20811
25276
16546
9204
10208
25508
9775
22456
1932
23286
26490
24411
19037
20630
27297
20236
8214
12362
15141
22491
15060
21452
15273
17008
12017
29470
9463
509
2601
28446
30276
29553
26107
10842
15029
7407
31058
25637
