7584
9164
5795
2125
5828
3405
7477
5413
9072
3404
4959
4800
443
1732
9534
4076
1966
216
6075
3949
218
8325
1118
5284
2636
485
1401
3588
1328
7669
1268
2112
2981
1770
4500
2616
6624
863
5602
8374
5074
3889
2409
5524
2446
9007
1504
7537
2918
7980
4457
8260
8693
7480
8248
7247
3587
6430
3704
1591
1060
4751
6539
3667
562
9054
7793
7940
4828
7613
5131
2052
8607
6136
8127
4625
8692
4352
9631
4188
5290
7884
2757
6125
7814
7547
5170
8858
4056
9500
360
2120
8607
1586
1700
1937
1168
530
864
4102
6147
6431
8695
9511
6974
3656
5931
6080
8214
3328
8195
6
1043
9470
1609
3219
8132
3990
4308
2734
1619
2392
3168
9663
8698
39
1047
1601
645
5773
8714
2601
5978
3773
1280
5686
8023
1097
3907
4889
2507
5173
2134
1143
5448
2347
4843
2396
2663
2561
1509
8899
1628
8936
970
1427
1291
6726
7387
284
3692
4423
9543
8723
2187
3615
2988
5689
147
403
3343
1539
7227
1112
7039
5622
7089
1724
5029
1377
3047
7156
3902
9247
3820
4726
268
6717
3276
4712
5258
9177
2778
1720
5822
8780
1261
845
7348
3738
584
9118
2569
311
2191
8818
9781
8875
2327
103
1773
2297
8925
6423
2039
8621
7402
6488
2911
324
5701
9043
474
7953
6457
8504
8761
109
9384
6799
9168
6990
4353
386
343
9276
2446
2409
657
3744
9137
3894
652
4925
5792
2690
4360
963
430
1016
1179
8065
6540
5681
2276
2620
8288
5679
5534
8302
2437
333
3912
4480
7011
7415
2467
4762
1665
5223
7851
7706
503
4031
3209
1748
4377
270
3353
394
4273
700
6088
6780
699
8104
6720
2129
680
9749
7590
2742
5995
3984
7699
2646
7432
9013
6243
1355
8750
5346
827
5652
9954
2588
5262
743
2334
2689
2161
8441
5306
766
157
1564
2778
706
6053
1768
9351
50
2345
3837
1491
6734
699
9800
567
6820
9408
2965
1231
1780
776
4339
7097
3396
1361
1982
8713
4388
1817
5737
8753
6501
179
6842
4303
9861
3805
8074
7799
1518
1487
253
1123
6785
6502
7199
1912
5308
3969
6224
1867
5508
172
3474
4852
6959
2027
1024
2258
96
2937
3089
7614
4328
6147
9757
964
1163
9694
5615
64
6386
2672
7212
8485
1551
5517
7971
1972
1782
8976
8789
2043
3961
9373
9095
6684
8308
7588
4453
4175
2683
4025
1482
3738
5201
9554
1245
912
3883
7489
206
9033
8020
5059
2658
8561
434
1576
2651
5634
9144
8371
7643
1142
6557
9396
2954
3831
845
6036
9879
4298
7007
3169
1003
3981
8439
3403
3268
3692
2045
7150
4000
2602
9853
3777
1096
1565
3744
2558
3648
27
3132
1443
9724
9940
3623
841
5908
9152
8033
2403
5931
7691
9907
9112
9149
1277
6194
9429
8808
8543
6121
2685
2092
7515
2614
994
821
4643
9315
5305
3545
8357
2312
2376
1293
606
3007
6659
8989
508
8936
7688
2268
8040
1902
184
824
9108
6218
871
1873
4401
3031
1525
5915
1061
3701
9310
83
9098
3122
5167
2335
7146
5318
7930
4104
538
6237
460
7868
9077
5450
4396
9567
7035
2730
5367
8339
1497
3559
4170
4728
1595
8911
687
2613
5534
2276
8365
9223
395
1429
6457
1881
689
4684
5297
6469
6835
4057
8202
90
6578
2304
6535
6767
2219
4110
5998
5879
1316
4401
2806
3429
2915
9113
9540
8433
4849
5866
6534
4075
1997
5875
7535
1456
2131
1940
8708
2188
2446
3659
8198
6143
3579
7056
4081
2130
6369
1442
2996
7803
6446
2225
6227
7823
5315
5437
8106
2568
3459
7599
8162
4263
456
5622
184
7740
2391
5285
5596
1619
5557
4220
6648
5617
8425
2867
1282
3872
3652
9342
7939
344
8078
6109
5385
3247
5443
1667
1529
545
830
5130
9097
4899
7557
6277
238
9284
2933
215
4897
5077
4047
4130
2103
1051
3
5729
2817
9539
3468
4410
4753
7141
6253
7966
9967
8828
4106
5268
1771
3605
8041
2789
6691
421
4778
2665
9719
4816
1302
2289
9819
504
4420
2694
8237
6851
514
4467
5944
2160
3841
9694
5256
2011
3249
5309
8398
1951
4576
8454
1446
4859
1181
6663
7032
760
7761
6056
236
4938
8353
5437
4002
261
5645
6737
3840
2066
5468
735
5581
1329
5260
4690
846
5105
196
8480
606
1023
8749
7122
8292
2060
2417
1208
2175
4098
3538
4171
2981
3191
9950
6418
3661
8803
3617
6761
5593
5919
923
9023
6457
9358
2372
878
811
5056
8766
7889
5255
3781
3754
3617
2395
7599
7229
3712
1218
5179
7140
9482
2570
2226
805
4825
2677
6074
3928
9720
9760
9506
1783
2185
6499
7887
6754
3419
6793
6832
1173
9542
9745
7912
8110
7802
1731
4045
8873
9831
6455
9773
2223
8141
5970
2097
8943
5848
9202
8580
795
7316
7725
8565
2422
7607
5141
4043
2444
2223
8318
2808
8483
7817
2979
7666
2801
7684
1094
8606
3918
6982
1687
9133
2139
2749
9735
268
4627
1976
124
2775
6433
4935
8759
1774
1602
6576
3317
1514
4876
884
7268
2769
1231
1617
2599
5544
2972
6025
1466
361
2243
6483
2217
8310
9937
3424
1071
8844
2505
6833
9371
9979
1682
9943
4488
9685
5858
7676
5164
6709
9178
4976
641
6674
4338
8214
7747
7844
693
9264
7881
4103
9809
2487
2087
8909
2824
8432
9539
105
2234
1339
8535
1465
7079
622
1654
7491
9503
2322
4626
2596
4636
989
558
820
499
7712
3536
9118
7735
8592
8793
959
7582
3674
1303
2493
7704
787
7051
2666
4013
4783
6247
7833
2855
2771
4890
7792
2928
7532
6079
5934
5772
2929
4258
7215
2954
5814
9349
7709
7255
8883
9475
9466
2612
2629
9683
9948
5642
9955
6174
856
9659
3747
9876
9634
6170
5870
5644
7827
2605
385
939
3436
5729
1254
4103
6970
8256
5522
7772
218
7647
4224
5854
5567
5259
6462
1937
418
7397
1847
9062
3642
