25895
16625
17543
31002
20686
3865
21234
24167
32123
18580
26680
22704
25230
5845
6477
13610
13367
18903
28818
9665
10624
5645
1017
3759
25486
28315
13929
21070
23075
20422
10340
3882
29032
3497
7143
1115
7402
31530
20369
4114
13282
32045
5384
31857
23225
24072
9881
3744
9675
30006
30
3101
22892
30543
16165
10835
27432
567
20046
7279
10319
14742
24565
13167
9650
1929
31761
17531
23719
21912
9564
18809
6483
20967
22965
28636
7720
5296
29122
2492
8364
14832
9177
5420
892
17249
11809
19912
29073
22185
27636
31885
16067
11217
23176
31214
12683
16376
20687
5667
6669
8265
28315
23493
23126
24874
1798
24728
17378
5558
2577
6312
28257
23406
12683
24471
27578
20011
30005
11317
32081
30808
2595
8785
11910
4957
29029
30415
30846
11358
23015
23035
21285
294
22934
23581
22387
10590
16836
78
22255
24579
4814
29065
3186
279
21244
3589
18990
3990
19624
15554
18670
22443
30627
16738
31903
292
4564
571
4624
9764
11042
29866
31222
16919
10389
9130
9523
3307
695
1189
22104
5758
17217
3722
11368
13906
1523
18207
19167
9096
196
15001
17138
18700
22331
4458
8729
10765
15645
14426
18891
27312
11336
20185
29832
20741
12767
20371
3101
21050
5799
10054
13604
14
26289
11728
13258
27273
7226
13709
3541
18922
29135
9439
3557
1250
8117
19982
3065
26367
2183
31059
7990
7019
6433
21807
7396
16342
24509
16641
2234
9137
7772
9688
23131
1949
23656
20870
15392
28963
15255
2038
10008
26277
5138
16063
77
10132
7127
14072
6985
13540
7515
26959
17881
15805
372
30805
16657
17524
12407
7452
19344
4025
3741
16900
8454
15378
6060
16338
4851
392
24019
28930
7857
415
28629
3935
9396
12684
27242
4048
9489
13475
14562
28789
9533
15119
18699
11506
8983
14533
13909
19723
14633
2235
12340
16754
22571
20564
8134
732
14793
14111
20662
10074
28839
18114
8544
25063
14753
1841
32309
8253
29271
11044
11361
15086
22761
24775
10156
27567
30975
6835
6046
32247
27149
25885
8167
28105
17109
6989
4094
26829
26157
4434
13831
26022
3330
1525
22778
17792
12701
28907
7682
13288
16421
335
23843
14561
12389
24655
10528
12596
27856
3109
3740
8455
10946
24393
20095
5297
6153
6116
6043
973
420
29576
912
27277
22474
13087
23276
3410
13103
6946
25751
6777
16258
17420
17519
7799
12090
20237
11567
32296
7314
21250
27029
27492
31698
5541
196
2004
721
25857
31207
10755
10680
9514
791
30904
10504
26154
32639
20612
6367
5694
16573
10135
5495
9283
28556
25559
3311
9835
26528
22324
6734
22836
2770
22069
4549
2715
20349
7383
8756
17804
3624
30104
12272
20894
21093
22223
19652
23293
13048
27198
28981
22183
30012
13034
23306
30428
32707
17707
13580
17359
24637
17663
27659
11426
26779
7843
21793
9361
10100
11621
2363
8302
16295
17588
6612
2125
25410
20345
772
29056
30114
31146
32442
13510
6364
6171
7493
13503
10844
17048
18202
26787
29388
21554
3025
32564
3384
17878
25200
11761
18799
5924
16108
141
3500
14717
8429
15519
31605
12638
32722
11675
23492
25069
14325
27905
5733
14034
23856
31444
14495
8264
5792
14926
20246
5492
26536
9938
5872
4341
2617
21794
18999
15292
15953
5330
2942
14878
12994
17917
13512
20263
27445
14134
3493
18994
18286
8129
11422
29366
4050
2564
2003
26211
11046
16952
30947
7534
24985
7524
14348
2345
20741
11404
4756
214
30322
12325
24679
28861
28892
24525
32001
32636
24886
23097
18318
7583
2990
20847
28240
13168
7731
18229
2370
24848
16436
28105
18427
1223
20395
210
14036
31641
28507
10903
24397
20506
19029
18799
18349
19331
12481
10616
5609
7428
29147
1676
22983
2908
5948
27249
16963
25768
25947
15184
16946
8312
17747
3689
26661
26664
31719
4868
28048
31086
20931
10667
16684
5935
4356
31638
4249
31895
31739
9831
5448
1640
8494
20504
10392
1682
12448
14129
25407
30213
13907
4926
19436
30915
24074
22912
22827
26681
9299
14819
19080
22479
6341
26672
7415
18366
5511
1412
7795
31265
4114
15873
25830
7760
26423
28355
11337
18025
21091
26645
24588
23343
22050
8165
21432
536
25058
26742
28371
10657
31482
32597
20484
12261
6378
2190
11127
22382
5860
18975
26755
32331
24204
15277
17034
19298
12285
15990
28961
17928
11020
4487
7025
3023
32208
22063
6877
6303
23650
14515
20710
21769
9697
4419
5195
24279
23225
4397
31092
16360
18469
20561
31248
1851
3315
20181
16382
30793
23432
16154
5993
17560
7459
11246
19512
909
23142
20227
30373
23682
3346
11167
31531
5912
16146
16790
16806
1486
6843
27766
26550
32467
20562
17153
29284
22297
29902
2784
17160
5035
15840
5269
21354
17728
16177
5042
32039
16912
3307
18248
20566
12774
26490
1699
15724
8311
21652
1588
5725
2546
18806
26831
11012
5592
19057
28951
1221
29710
9126
26422
1393
4145
7950
1745
28009
3881
23485
2362
3335
19201
10855
8168
9529
16629
4899
29477
15215
9677
26735
30983
25784
5226
2932
14497
19495
2719
17804
19834
30844
10306
23298
16191
5376
25730
15129
436
16817
11642
29007
12528
11935
9735
15330
24010
1686
30167
27540
32399
27901
24515
28843
22518
4862
4703
14653
29269
10216
26319
17578
28436
10449
476
4202
21090
21375
2887
16905
5416
16521
28508
12911
4923
26809
24267
15973
10710
6581
180
85
6727
7646
2817
22353
1256
7033
13560
24407
4177
28429
14352
16084
4300
1291
21252
28006
17418
30388
807
22502
29972
28216
26615
1446
7299
5659
1268
8951
20724
6109
21939
5359
7095
28122
26670
31337
1479
3183
29022
15948
28927
9822
4108
7953
4490
4212
12772
20351
7068
2153
20171
5305
31071
25351
28274
1403
7473
25998
11307
20129
17420
20056
11516
8425
15429
20665
15346
11257
1146
2089
184
19108
22214
9893
1128
17513
29750
25170
30881
18492
17537
26212
29914
1162
7667
19262
7670
119
18859
23002
27672
6762
6150
7788
696
20427
6491
3650
20215
12811
20201
17647
24623
11493
26637
7336
11983
484
24505
9710
17766
7462
3617
17006
32765
10079
695
26405
21930
31008
14938
18887
24674
21338
1482
32098
5903
286
13408
16958
28130
18086
22268
3337
20715
16793
12094
2352
11495
7819
7929
6800
31321
18371
11236
8782
32476
28994
27539
2819
14519
9729
27558
24605
10418
14969
27201
29826
28200
18536
29372
23670
26974
6099
12955
16062
22547
6471
6848
16645
8280
21861
8415
4992
15778
30110
13619
24526
1054
19002
16495
7970
11844
29087
15864
7075
26799
1232
18001
8467
20524
27956
7638
8367
5649
18329
7086
19543
16080
30840
31995
27887
11979
21882
30803
30725
31082
2108
9588
10420
9835
3663
3379
8136
24954
31364
30134
20258
18434
23398
16099
13407
18754
27399
25368
9908
19619
27648
28701
15388
4681
22451
3159
2486
488
16851
23614
17256
23513
5415
23569
32457
109
3466
456
7486
16769
4919
15178
8547
29266
23363
7392
29612
10643
29035
21481
23116
27069
3856
12752
10325
9127
25472
25404
26657
18262
12663
10118
1266
22294
26086
7280
14293
12489
3058
29204
15308
384
16960
6938
3371
5960
5488
19758
14403
1351
25575
26033
31550
19975
11986
1711
16202
2065
31847
18
11514
12478
12142
22805
24552
8522
30721
3579
32160
23082
16784
22016
13241
6303
16936
1424
24901
27276
3828
24759
28524
13445
23044
29145
7507
24104
15693
14499
17219
6320
14065
17729
20743
29639
15041
5073
2965
13468
32000
15384
19953
9014
23146
18804
20815
16904
373
20242
16504
9157
16599
3169
6766
21365
8008
13767
10323
713
8329
13714
2695
29355
23461
31025
8465
18970
18039
7844
21312
20277
23148
5681
31377
13973
30347
3161
29908
31968
8882
12298
8587
32411
6178
10518
20115
16960
13117
21220
22534
10385
12943
3942
32607
30507
26380
17994
15839
29022
14744
25717
5680
29500
10701
28589
10569
17136
10744
661
4753
3154
31844
17631
20295
15032
30172
13245
13601
9486
18795
20120
15411
16425
16742
31749
8211
19288
2476
15093
7227
11068
28461
29739
18350
26330
14505
32756
21471
31471
31930
13330
13006
30595
6421
3577
26740
7105
12045
19774
2913
25606
18777
4684
14500
15928
3862
21849
32491
22617
10256
18840
1259
15708
13885
176
28418
13367
2186
25198
18459
5433
27354
19638
29139
2462
14156
28608
24538
26977
3261
14977
8859
11089
20111
27494
1311
7015
20904
6472
16942
19287
23229
18589
5304
29029
20944
24811
10100
10618
20215
5763
10183
19575
25696
7275
32743
20937
18834
12956
31808
28478
19445
25709
24599
27414
10389
2896
11629
21598
13091
27068
9254
5497
28221
29290
15466
5376
30958
4036
8268
22732
30073
32667
26793
24400
19794
5912
8531
9004
30318
757
22639
32000
7612
22508
15644
22398
23284
1904
4438
27076
20879
3228
29465
27624
25366
25961
16585
31188
22176
11299
7377
6228
6551
25886
21643
4205
32186
21669
11872
5361
6248
28979
25392
26192
10011
17894
18163
26801
7475
22832
25761
24641
16117
27600
4432
18379
28115
9216
15004
30090
2541
30960
29772
571
3289
29300
2355
9845
16799
4345
4947
573
15880
29118
24393
726
281
833
7909
23254
23258
24055
12056
16511
348
5439
29971
26187
30457
5273
5805
25033
9694
23827
4613
29864
21703
14085
30825
27665
22794
11262
20599
2619
10711
23806
25474
11833
14526
2278
31288
11798
13169
22316
19585
5923
4812
15059
10410
18576
6930
411
5570
7226
12666
25461
30020
4548
10986
9785
26615
12265
30722
10651
31251
4112
21084
28508
23205
18465
20242
29629
8756
9880
31361
27193
27813
29912
24909
12915
19036
13249
10918
6510
19620
1668
10185
15100
12625
16310
31945
6009
29092
17572
18063
12728
14446
15079
25119
18750
888
13368
14622
1198
29731
19589
14225
8325
4940
28228
20200
30215
3186
12551
10811
28282
9243
1616
30675
13969
28019
10407
27628
17963
823
235
24761
4158
18385
30182
14249
28429
28869
23075
24553
8354
24907
27652
9770
26488
6205
7183
12708
9080
13620
3465
21083
30502
22767
1350
1185
19741
25844
15039
19932
20921
24185
16229
22153
13587
30852
28725
25985
18738
2386
9613
8315
20607
28406
5438
13779
4218
10050
6882
21386
31916
7914
23152
3981
3548
31719
28941
9530
6534
26394
10277
11296
15753
6450
24251
11270
13344
11983
7421
12847
9235
2023
1564
19421
16687
13930
7258
2580
20723
16417
2917
29344
26508
14300
27875
602
28932
29132
15182
9382
23222
22318
26370
17472
28933
7465
16788
22841
17741
25338
13158
6204
12314
31566
28536
10006
17304
25839
6529
31349
16971
13987
4671
16624
28160
594
24075
32584
17156
29542
22960
16878
29587
11383
12669
1989
14227
10280
20121
18984
17539
8524
11927
17967
430
17998
22858
27438
19620
15311
26843
4735
25066
12944
22552
25730
15857
5267
2831
3809
2629
3453
17884
12313
27399
29247
1471
7222
16541
19445
28786
24285
12712
2574
19897
7824
4406
8110
16186
17710
30010
4176
10895
4537
4409
12208
2458
30556
10565
6376
5400
28077
12591
8409
32121
5679
27641
18380
9712
23323
8074
28249
5574
27488
12453
20873
5107
14312
15132
4663
8431
22045
31297
19388
17094
27564
5534
32203
22379
1928
9702
19865
24910
3123
1579
25153
560
3897
17744
24680
6198
20989
19394
18716
12605
14263
2403
16386
18542
23742
16327
31921
530
13059
15523
27481
22951
18398
6274
16552
30259
5902
19898
1262
6360
3835
15263
23167
22953
10813
27126
857
9916
16994
8365
27142
14720
32748
10185
12740
30289
2970
17311
4580
27210
25833
16711
112
23387
473
10062
28688
7835
7156
24235
9518
10463
20109
26612
26201
3467
27206
28882
3047
24488
8661
23987
13023
10551
29703
7102
5910
27845
30468
20236
22679
25920
26838
12565
12360
30729
10533
13160
22475
3402
68
15008
10403
17034
22386
1427
13976
11135
18009
5324
26972
5411
6619
9788
22894
32522
14350
6444
29759
16114
1413
20086
11156
668
12242
22773
13355
9178
328
4666
6049
746
8710
26496
7571
23298
27185
29410
20484
17708
10624
13516
7934
23892
2046
432
26492
15775
25611
30714
24968
17407
20900
4677
14753
22021
7909
10703
22879
5878
460
32042
9050
17440
21312
3893
9799
11118
31570
29259
2916
28731
29378
21434
17431
4708
32197
23415
15057
27553
1029
13328
2873
5909
10730
20193
1415
30499
3864
14475
301
19844
22073
4514
17085
6550
23036
32678
30983
12535
13149
10805
5505
18003
29992
6270
1005
21114
16568
761
1333
5046
6149
27990
12698
5979
4318
7347
26125
415
19826
15889
8413
1964
24085
20745
4499
20468
28737
10939
24603
11461
28379
9480
28452
25885
30648
19969
7624
32703
19040
11166
19568
17542
5138
26548
10482
26618
15624
30753
1533
5409
6907
5961
16823
18840
11498
8391
32676
14305
17432
9820
14794
9215
15956
20779
27923
28224
13692
25385
25842
16475
18500
27855
27209
4282
24628
2834
22923
28697
6384
16788
25630
21840
11452
17692
259
23405
2623
19012
20664
9734
30599
11377
30813
24526
26190
264
14359
1893
23932
27359
16562
32373
7149
16882
3210
3834
22643
25432
16299
23265
17183
15733
21303
27093
11196
27760
4104
18774
29085
31463
7319
29451
8345
6882
8732
27993
24403
27398
19703
23092
4799
7180
11343
26677
23265
2673
13561
23021
19672
8302
27547
6010
3612
5162
31249
32343
13572
22063
13327
25465
4747
17434
20232
31639
18771
29591
20815
7625
21994
10637
31869
5204
27725
20886
14098
28612
20138
2482
14687
4156
362
5692
419
22795
111
21021
21364
17023
22938
28479
18016
15870
20625
6981
10197
8274
28607
23673
13374
1605
10908
15109
27503
26478
29998
2663
1091
19274
29904
26399
17283
21647
11826
15530
14858
5820
21665
26548
11815
27125
7816
18570
13379
12558
17207
22990
15044
17894
1508
8046
3377
32758
29167
470
4758
2345
11371
26981
19242
29934
32473
11806
20783
19852
32566
12193
24858
2999
31033
10585
11508
11360
31958
5878
32512
22737
13830
15646
28574
21752
29130
10847
12911
10243
29805
17513
16058
13102
1290
13690
22286
10969
21071
19993
13353
9694
5248
12039
22297
14113
4287
20339
18081
17769
24970
13165
15326
5486
10373
26269
554
14899
3450
3893
3649
24469
11934
11556
4259
8996
26134
22925
1849
28467
2233
6775
4666
3115
536
7878
4176
23589
29115
30314
17911
29879
11694
6870
5158
2829
20029
23475
562
26172
9979
982
7919
19412
20745
19056
32024
6836
10900
25733
20209
2083
28576
19104
25898
13084
20484
1732
5383
488
9910
7845
18878
32243
13897
28184
17697
8664
3764
1481
21372
19902
85
25132
30401
21991
16438
3766
19682
24454
8590
2380
13695
32721
2187
31228
31425
20824
31310
4843
390
29589
28216
11406
17598
10436
17508
29213
8212
1525
1396
12869
11730
26975
20369
10270
15358
10999
5293
20572
7369
15169
3595
7881
22059
9318
2306
10227
29895
8584
28926
4897
1556
16466
15047
26764
32190
16595
5382
4044
2634
10124
517
4753
7418
13767
16054
30611
10480
15403
6903
18892
23957
31630
10004
8164
24636
2058
23181
14317
18691
25171
6170
31568
26362
15175
13037
32519
3976
5575
22839
21517
32010
15046
2029
15379
188
13215
27596
5749
3037
16044
21403
6508
21518
29204
6064
11141
5884
228
6837
29010
16702
22114
18348
25439
31873
31646
12593
103
26850
31561
13823
28616
1435
14282
20150
10293
3298
26511
26844
28331
18190
11169
29473
16806
6396
29820
32487
1172
20913
10525
6913
32650
31552
17500
19387
1846
13038
23676
17435
24853
19605
18689
17511
14309
17734
23233
16871
13406
18738
23102
15340
3613
20683
16435
25106
10465
6438
23661
28609
4601
31652
24284
24826
29181
26833
30442
25680
18109
2700
32011
11828
31095
20841
23190
4470
9549
29011
9171
265
8693
4470
6229
24327
9907
13148
32138
15604
6532
5461
1936
28999
24220
5149
17482
9766
15379
20409
15540
17778
9692
6050
16499
26115
1526
25125
4017
7733
21734
21258
22311
24483
5732
5492
12923
16434
3669
3336
10445
21586
16889
8785
22413
32384
6502
11875
16271
22543
13621
18879
26721
5929
19579
631
19932
5649
9979
15763
19449
24490
1945
18354
31974
25917
6930
22773
15705
16759
16107
4120
19237
11441
13479
10466
12811
1653
5437
29120
31442
6205
6345
17581
20633
30077
1666
1876
4205
7396
24812
30329
30487
16095
8783
16533
24887
19808
7527
13248
20887
14557
22109
724
12729
32411
26614
26064
178
27692
18699
6522
25659
15415
1593
585
20486
28791
17369
30337
14158
3334
7218
29600
31922
6364
11758
17145
5187
1938
28363
20895
3036
28780
5779
16260
28082
13975
13902
27106
12587
1711
20406
29914
11764
19845
235
6236
17742
3102
6248
13382
13736
11519
9526
28624
19571
16039
22367
26663
27186
14174
17574
12888
3280
9773
25973
13424
21559
29998
24087
6625
13598
8454
26663
26408
20002
2479
28745
28845
4889
16507
15384
14571
17059
30549
11359
31184
23041
30026
28555
23911
31531
13385
14432
10676
31004
3111
19692
25568
32369
3814
441
11926
562
31287
30023
26540
32496
25149
8121
18694
8208
31124
2767
4279
22886
6802
17940
29802
7430
30157
27481
25601
9046
2525
18273
24443
31080
18531
31454
25627
18823
3146
10140
13510
4624
17740
32253
430
16004
31928
16037
13101
22234
6003
1142
23539
14618
31037
27327
5732
4391
27958
25520
20796
732
30625
21266
20341
14939
29927
16693
24426
22178
10719
14889
3388
25184
10572
11568
21621
20230
12968
24692
5355
9760
28192
19702
20200
25830
10719
30407
27271
13838
31887
5498
3681
32229
28957
8409
18793
27806
8125
5591
5141
2794
22575
1990
27839
29897
16704
20938
4938
13983
4499
31886
10248
138
17825
11317
12763
9203
30463
10900
20379
3939
14560
24990
6328
15512
7642
23071
28961
17625
19181
4782
21604
3974
15297
17116
23574
20211
7215
24242
1397
16246
23299
28251
31308
23743
23040
3613
24855
360
24357
10894
30824
9421
11055
19716
393
11038
22879
3149
15971
31667
27773
30112
1694
20895
11549
468
14346
31367
15649
27344
1598
30645
1151
30019
28031
13672
23365
661
19683
19566
5338
32541
27573
501
20614
148
28188
31135
13108
10441
31992
19924
28279
8343
9485
604
14540
16148
12643
1325
6943
12556
1260
12673
14224
13486
14184
2348
28022
15748
31110
6189
32420
5289
1100
13955
6636
18742
6072
7234
28386
1277
19624
31717
12002
6522
15863
5862
8021
22790
19689
140
8495
4174
1225
773
20924
13316
25040
23220
10397
5844
32585
15308
14094
15258
28915
22046
27754
6098
19367
19247
1008
23119
8506
19086
32711
2609
29605
18532
21824
4625
25443
589
11868
2942
7451
18022
25742
24237
19071
12456
6337
2668
2676
21108
3229
10328
13427
30830
8454
336
27439
655
7654
17961
17016
630
10029
16547
31839
5119
790
4252
8603
9239
5547
18820
31019
6607
13707
1041
9021
5551
15851
14388
23375
15180
475
29515
9620
14620
1226
16024
27545
650
7245
18930
19496
28742
24348
11962
8813
15071
1373
24337
2135
915
7718
5448
22593
24422
15933
22424
29138
6257
3106
25620
17953
6525
19791
6363
28445
14288
22718
11410
22061
20295
4780
19218
11795
25765
21917
27229
17430
16939
27808
27607
27744
17001
724
23987
3493
15699
11307
28843
4101
19351
27502
30196
13108
21550
22913
31089
4056
6193
20969
19495
18482
12527
18571
4849
11265
13372
11446
11636
21411
29452
32100
2390
30334
1600
29373
13739
158
7615
24797
19120
11167
17865
14295
31164
7886
5768
17658
22899
23179
488
6483
16957
29426
13225
14706
20215
23994
14259
31345
21992
22364
23209
12339
28150
9080
30912
4330
21529
11381
11986
29148
17681
18025
8622
16742
8020
6456
20403
25153
24907
30207
8349
19460
22461
7091
10142
5354
4236
12037
19377
18646
26015
27017
18987
12692
13343
17432
18322
29794
5094
8307
25267
10415
9012
13864
32239
19490
15012
18106
13014
14302
7519
23804
9207
31493
31120
7102
8437
15994
19736
24491
20702
5612
642
14450
22201
25104
23097
32036
9310
10285
29688
32733
28555
734
3203
9383
32051
4116
17301
24475
14105
90
32281
24138
16286
11101
14492
24667
30679
19883
24067
885
11235
21435
30329
1631
22908
22062
17068
18277
17611
11092
5945
510
20353
12786
3172
4013
17955
14658
22029
12325
6053
10812
22496
7344
11067
22036
18891
27345
18540
3588
181
552
17768
26699
12141
10647
28571
22134
13280
28579
25218
28894
17552
29213
16574
7026
4673
18689
871
26550
12789
6302
21410
22540
25371
3831
8822
26675
1540
20586
29403
32525
22166
6031
2580
11685
16196
3171
31295
24432
22590
5798
15147
24531
26340
12161
17769
22758
29057
30316
25510
12152
15158
3407
11832
24659
15412
32743
25846
17088
27182
14956
6989
21582
25871
21361
27280
29136
23528
11531
7824
8613
15916
12597
4205
21308
3359
11635
9131
14294
24972
4534
6536
6286
31158
5760
11917
19863
25490
3656
13924
15046
5939
26144
10729
30032
5510
6549
23427
30420
24383
7639
17845
412
22547
2074
10224
6688
27176
29499
26028
14795
32202
26791
23479
7938
6495
20601
8140
24163
15773
11490
24167
6474
20986
9422
19160
32154
13668
8644
21910
29370
18227
1294
7383
6109
31836
14363
19293
30599
21735
7201
22931
5197
17827
7430
25816
13020
27160
27521
4379
1340
4797
8829
10408
6998
875
23486
28225
15540
30226
30662
21873
3977
13739
7418
5405
12529
25965
12801
18524
8825
18500
22381
4489
12514
7295
9373
29590
14370
24520
11233
21922
26796
3930
2528
25806
29169
14446
1079
18509
13863
27894
31587
23483
27465
28814
13281
25520
19807
12720
14995
28820
17919
25383
26726
25525
11540
18886
18738
19094
1758
4697
27106
1163
25402
17372
20948
26242
16932
8683
11139
20772
8570
4986
24675
27933
6146
25030
11276
439
8623
25483
27291
6574
288
26744
9813
27200
23146
30944
10382
12419
27415
15794
4554
30971
879
9387
15649
1388
9462
5322
29416
17645
27189
18181
11917
4670
7101
5946
31683
11355
5738
24936
11999
7505
26341
16159
31874
849
15980
14645
13433
28675
9430
16827
9185
21020
3025
2607
25231
7475
10095
2547
4015
9169
12257
18686
16810
22471
28802
17106
11598
25796
18455
30126
18473
22822
32340
29188
27189
20753
4771
32301
12987
22462
26658
8796
13425
29462
29418
12497
11493
3456
19095
7759
19231
12791
17925
16079
18818
20063
1111
14966
24308
28697
1854
20165
19263
11989
17016
12304
694
14759
17558
7985
15643
14942
23811
1917
27584
785
25410
14583
23277
14842
887
4804
642
30599
13353
12767
18909
2735
14662
30734
17150
22403
22631
32533
8425
1029
8790
19497
27980
26428
30158
22439
16738
28296
8065
15622
1559
27956
15199
9995
32621
2634
15126
19515
10014
16555
13781
3990
6787
9566
25942
6530
8116
26665
29723
32006
1521
16990
248
15672
25921
18424
31697
18169
344
20198
16293
13023
21438
24743
3531
25459
302
27159
20092
21405
15933
7561
14994
10588
26428
15125
21135
24762
20318
13108
18145
8960
2846
22410
13669
7718
14811
3586
24617
28813
4805
14880
16758
31985
14589
20627
8462
15001
6904
18698
3762
21968
24869
25161
26087
13465
12239
27772
16122
13215
16452
3531
28994
12139
5431
13614
2725
11737
20067
12163
24669
15309
24433
4830
7420
21282
11804
29728
28590
23779
23443
6859
16575
9150
15646
10004
3933
19125
18437
24122
23710
7191
29870
4375
18373
17583
23813
20725
16321
20283
6688
26274
28150
29728
9508
16327
15936
4443
16226
18037
10293
24251
9670
22273
7595
12877
4978
18450
17019
26904
22438
14584
20868
18443
739
6719
21234
26932
28496
9348
1984
2355
10332
12680
11899
18669
30117
11139
1353
14213
3353
1723
11563
14472
12378
31060
21119
6759
14695
25962
16073
28971
23162
10589
14258
2404
5420
19052
20305
1890
11487
11654
2474
1704
6237
21084
31604
19870
14013
17595
17952
27014
19335
14361
5398
18097
1560
366
66
6387
6215
25413
30671
10324
8264
24594
7474
22024
27089
1734
11627
28066
19068
28065
24711
5764
7533
20295
25194
31130
8756
32279
18635
28488
17140
8632
10880
18848
1477
29428
15356
3801
11608
27082
5398
14332
19674
4542
1036
18401
21274
30836
4551
20058
20717
27261
7008
11182
32466
29297
9444
10313
17874
20030
18772
13489
20394
20159
27632
26044
25132
21905
3765
257
2531
25890
29221
11660
22518
30474
25158
7382
14158
3231
21741
16372
7419
11715
15676
23822
6100
18945
14442
6419
862
12249
30658
18859
25072
3671
3055
9069
8724
13547
30070
6227
21295
1396
7812
31338
3429
19614
8682
14030
4279
29806
870
15574
24430
17691
15652
25996
22461
10272
18052
28512
4258
8591
30750
25117
32269
29608
28932
28443
8260
8362
24902
8631
17030
16105
23996
29696
3310
21281
8447
7091
28059
9482
23993
9066
7438
16940
1567
9232
16851
8949
11451
12952
30564
9737
25199
21998
15434
21977
13751
6446
2949
11383
14126
3605
9518
18857
10068
21429
19035
20284
12686
30060
28739
22426
22638
13846
11939
15007
30517
7042
28000
5289
31894
20003
5485
17390
17085
8456
18671
20499
10384
22030
26271
28666
20533
29269
23664
8667
9940
14064
3443
2454
6558
4577
20215
2375
7182
6980
16628
18459
25454
29386
1450
7011
31646
4457
7301
1511
6417
25426
25668
16765
19480
15908
2138
1754
31075
1887
23956
1959
15300
7963
29181
20184
4919
25338
21503
31545
1312
23899
21706
2121
4563
29904
18938
6476
9049
12243
4723
31388
22898
24756
25232
19776
22230
19926
7038
4287
29632
10779
12770
32566
31149
29085
26562
28585
19553
32415
23970
12951
9260
27331
16109
7377
15723
4221
3479
13452
8529
16583
20737
13492
27624
278
11293
23171
13138
25997
7890
12627
29781
23409
30370
20656
10263
30686
12938
16562
26405
7864
24105
30857
15802
5603
10277
11098
5439
22711
14283
22346
22286
16302
1525
19160
11387
20576
15665
5231
21
18866
25887
4155
9257
16458
23835
2109
17032
24390
27164
6810
31114
8493
23516
23097
19027
5413
3386
23948
15445
1127
17372
12206
23062
3057
13080
22447
27444
32378
9749
27180
4006
8875
5421
22818
8260
8588
10902
30211
30858
14653
31298
23050
3481
2022
28931
10444
30334
752
16115
24849
18871
28278
16659
12257
29683
26870
11826
31202
27674
24397
2833
3809
26765
31970
10692
15278
31151
27681
14427
11821
11684
31531
8898
24490
8537
30923
19430
31085
8900
23981
25113
26510
18541
5578
21176
3595
8749
32295
8459
21528
26421
27327
9324
31158
17747
18621
29100
27527
13681
12527
29618
2273
31071
32376
30565
4129
9938
15813
11981
9538
25516
1986
28532
9902
14205
7501
12307
17491
5706
22251
2410
3322
2190
15545
15984
26068
5247
23206
4012
8278
19602
9440
24035
8775
10049
140
24563
21528
1036
17594
28671
18803
446
18328
13260
22550
2545
19429
9323
4322
13780
25257
14617
20271
28716
5412
14691
21091
30873
27396
31374
5571
11291
8411
3125
23177
14036
8911
6196
6198
4880
8084
31173
18217
31106
18327
20457
14705
9936
3196
3850
30176
6739
29899
21982
18784
12824
22502
2446
650
18474
5695
32024
2933
13587
8647
10226
21964
23456
27306
12272
19748
8677
1081
19047
17292
31617
5671
14483
3173
26915
28153
25398
14708
4429
17592
22914
11829
22104
3305
14137
32114
3513
23743
13843
17685
15490
18574
28256
31803
32044
16771
2798
26505
29331
19603
29741
10179
27714
9649
13969
5786
8177
9028
10296
26054
7244
28120
4557
13397
22774
24595
24236
3651
1998
8939
6214
2634
2929
23063
12487
31227
14080
29891
24823
24590
15139
30344
7518
8439
25677
19611
26284
8634
3650
837
31064
18687
28887
28563
8326
5737
10745
8526
12334
17444
10481
12589
27259
9917
24294
16202
21617
16183
22692
13779
15827
13147
9628
9218
68
8271
12331
17743
14764
31594
27423
2276
1501
30023
30839
11601
31607
4888
11626
17537
28680
29245
6059
13292
18296
27158
26604
1295
21157
21
26017
6681
330
25111
20486
6888
27429
23284
20579
11827
29785
30036
24974
21257
4369
16581
20658
28282
27750
27915
15184
24980
30339
12215
11907
15249
7686
10236
19336
23630
14506
13501
5501
6911
24355
28906
19561
17698
16458
18957
31101
2481
12154
25888
4250
9372
29242
17826
19219
24182
4380
27370
8115
13422
12261
22458
31746
15490
12525
14359
8900
6639
10185
6488
21443
5612
24360
26750
8398
12439
30203
10947
5122
15920
22489
9334
2888
25733
5281
25093
27935
3245
23393
22364
6812
7417
7286
2413
17070
3880
5877
30224
31399
14042
21834
11790
16376
19528
23839
21880
18236
3889
5760
32318
15481
5656
11836
4348
22690
7596
30606
14359
28768
27784
4348
265
24593
7964
20608
10233
30994
28651
15078
16783
21561
20472
2677
14086
11686
25466
2257
18563
11708
14039
16416
2469
17258
16336
18284
3165
29615
32505
11848
11776
16989
21869
19383
15002
6173
25279
29769
23174
18867
32564
23431
32315
9347
9775
9361
15465
9300
25836
26118
22085
13909
8561
9508
22048
11613
19906
3121
31807
19319
23381
24601
28135
1182
709
31064
23223
24261
13258
17434
3131
4891
16745
2977
5053
21644
7784
5352
2654
24459
15877
19590
5990
14095
27880
3028
12505
13019
13909
14674
19019
17155
10662
18503
26100
3244
5113
23464
15367
17427
550
4155
27712
26577
7924
12796
28092
16733
16780
24768
12558
20178
16429
26648
10383
31218
23330
20088
10997
16491
21489
24473
25640
12634
1238
13851
18513
25614
3183
2159
15667
19470
25017
15604
28094
3677
25659
2400
31713
15356
15489
8546
1185
5553
8396
14470
10856
15623
21000
23384
6559
30358
25854
25548
15230
24964
11211
3293
2851
18508
21393
26997
16610
28350
2668
17037
18397
328
16808
8341
12756
2419
24625
1046
7486
2992
31050
4502
16792
12885
23426
13500
5629
10723
3044
32436
17911
4746
367
17365
26773
10991
13510
15489
11709
6188
22568
11597
30148
28440
19361
23138
1852
25290
8578
18980
22285
15448
18192
6929
5832
32740
9593
28907
32055
25306
20236
15641
32057
30579
3240
26187
24268
12670
24437
4957
28268
10335
19155
7550
13980
14936
31376
28049
30658
29959
6494
18643
21047
26416
27524
20670
22175
16317
467
14894
28790
24067
6364
32707
24300
14151
30816
4998
12275
13697
26376
21455
29078
29535
1622
18278
3468
31117
10972
25832
781
24884
1196
26988
29412
32705
11279
615
12742
32743
26234
20173
21730
3047
14269
31609
27833
27919
4990
32463
25136
17536
17126
14240
10723
16693
21146
29517
16829
30529
7405
7984
11462
15448
17492
10551
24891
11665
12826
21458
23780
17002
27988
272
21410
4365
24088
14597
11336
10194
20714
28526
16299
8196
20087
19608
3581
19944
7046
32125
24150
12795
29995
20272
31892
3964
23869
6524
2405
19498
2827
15560
4258
32079
21579
14142
23007
17917
8787
5421
10048
27288
18316
16555
22158
15764
18723
29822
6281
18816
28929
22077
12928
23620
15358
31666
32288
22439
30801
24451
7050
27412
10315
2321
2472
6813
32070
27553
6336
14144
32472
16570
27465
11369
12876
25037
30974
18105
22098
25884
18482
22534
1781
468
20835
23715
24014
32636
16657
1505
25207
13459
3024
19925
24387
22645
2205
30812
28204
11391
1390
9565
21005
16499
2573
22606
28690
22046
15653
6394
32108
10296
8093
4481
13641
6283
4646
19872
11011
2392
22800
32562
3223
26102
4706
27639
26970
7868
21033
26773
20711
7201
22800
1244
24156
27938
6449
19790
966
13540
32043
17887
10713
7067
9589
505
30693
18090
4082
32195
22533
7180
24005
7331
2970
21746
11110
28930
25591
9133
12021
12623
29534
28879
4303
32326
18988
29581
12896
24178
5200
10600
22328
4848
11009
28941
25696
10615
28337
19577
10734
28565
32060
3680
27351
11067
6246
30416
5893
15484
20612
786
27561
3218
18297
29905
28115
28194
8164
21629
29504
21185
27800
29426
11634
31158
13389
11861
27398
31745
23957
32319
835
22941
5905
2846
8175
27651
4068
21720
22886
25071
5224
11441
22765
10342
25376
1646
30019
25848
19950
25786
32121
25923
31622
25802
9732
10168
23843
11581
19473
24994
11385
17478
792
9827
1514
4364
8372
5121
29436
3153
15026
10466
30987
25682
19303
9940
59
6127
28743
10065
9905
19724
30388
17664
21507
26167
11028
32382
8428
7051
7718
13919
26437
6868
21654
29808
3632
29428
5327
19519
26263
20101
18192
3294
11221
16831
7106
7651
31922
12188
27657
11699
24725
2619
2201
5377
11509
29314
27339
5009
24337
31496
31727
19010
15841
4658
26340
5707
22604
22428
10215
12741
13211
24762
20137
15722
15918
12479
9892
6044
23149
26557
14766
9385
5634
27918
24783
27725
24902
6388
22352
12408
23288
8572
1044
24914
1077
20136
27948
4732
28836
14796
2469
21913
18162
7225
26020
7694
9598
28953
19638
4613
16213
28314
28257
27832
17760
6735
12543
21996
28636
31955
9932
21179
15371
14511
22845
13207
12841
2173
24211
9100
18338
26702
28081
15557
12674
28234
25642
18002
15149
5782
29343
32553
30032
1659
25416
6762
20759
2756
11984
20711
31649
21863
21350
11235
3505
15976
8721
27930
25510
3067
30275
14338
12717
1513
2994
24657
10293
22580
26211
447
15523
2302
263
17677
27207
1447
13707
30278
32655
2870
5099
20549
19323
28154
6983
8567
16209
1137
2360
11746
22674
14696
13156
29286
26412
2404
8016
11587
1009
28481
19574
20444
19272
1049
25752
15803
12323
22119
18003
31956
31537
15468
7671
15118
19028
9682
150
19711
9301
12432
15707
2551
29911
1293
22813
10561
1161
15752
26676
1189
16800
23735
14988
25649
27781
6062
3576
14138
31946
30467
15048
24221
21091
4912
3741
27722
1811
28728
18812
31748
29732
15502
28962
2402
16475
30514
28311
26394
2603
16669
10758
15230
553
24031
6348
9799
2496
10119
29135
29586
10790
31171
31761
40
30606
22600
11141
13058
13472
21620
33
12301
18982
30258
23348
10282
26376
11295
16122
27257
23674
1771
11373
6871
2676
17409
4959
12709
28770
27498
2246
10444
13854
1262
14167
31229
16667
10365
15958
21054
10723
28110
29356
7842
9667
32582
13882
22103
14532
21531
22893
9702
17374
21945
15122
24503
17257
29797
6764
21972
20948
28448
20356
238
17049
21198
24001
6309
26992
29847
5304
260
25028
27534
13125
12619
27235
19856
16603
30706
10617
13167
4376
16362
27839
18512
9629
15142
14832
26706
25116
5722
17277
4721
18098
6659
5505
12713
9336
23719
3831
350
85
27230
31531
4347
6166
1425
24430
10970
15808
25858
20750
8804
32036
4876
26501
19833
16309
21037
7921
11538
25239
10945
16068
2340
29432
1552
6333
968
1187
31371
13335
26522
22226
11603
14592
13662
15172
27899
12364
13546
29584
27023
27499
3392
30905
11733
10392
10234
24834
15826
18260
25579
22532
32400
8467
23299
23805
19231
23093
16243
15211
23258
16183
5138
29146
23787
555
17407
31482
27922
27749
23944
11508
17826
22648
29771
8958
21196
2145
28315
25902
2847
11265
16934
17035
12624
11217
25556
4458
25399
3025
28402
18936
6683
31425
18319
12051
47
24980
15398
31070
16220
1826
27262
14484
11585
7197
27599
24348
30841
17222
3110
11230
15132
27104
4362
26198
5768
1125
21344
8422
15457
889
12428
30065
2262
5404
5849
28709
4646
1571
12571
7320
20835
22505
30099
26903
18551
24130
7186
21563
18788
31152
16225
6332
17104
16858
11745
19338
13760
13369
11631
8218
14500
15125
13962
18174
11156
8368
27320
6841
473
17089
18981
3793
17583
6691
27790
5414
13129
27343
16733
28033
9238
12296
6934
4976
2883
6357
2545
15954
19073
10420
18889
10158
11784
20621
18228
3017
15067
5093
32756
6263
12878
3668
17038
15921
28358
27961
4408
5992
32193
12716
11256
23065
6934
20148
1547
1954
29053
30650
10884
20180
17489
13118
21557
21577
26261
1481
15570
21751
9014
18723
26452
22278
31375
965
27036
23775
22834
21649
31065
20102
11238
18113
16427
3369
29932
8734
15113
25849
18055
2930
10464
20792
18107
2367
19580
18067
8276
16561
1452
30643
1322
32466
1441
18447
9636
25085
8856
24836
16763
14229
3769
7463
13760
25078
30270
15834
11297
23212
18647
7965
20328
9444
12877
23975
10564
17439
1638
9014
3404
2862
9226
3363
13633
22362
5027
24889
29331
3043
25802
1223
6439
25004
3871
27124
1880
24372
23160
26451
28476
3272
4671
11703
17704
14583
2069
20553
30582
24903
10683
4823
21381
4902
11827
29295
15362
22819
7714
7213
5222
2142
15225
18001
1472
573
3156
8084
181
15969
3363
18621
8389
12505
19975
3183
21712
24725
32639
18757
28888
16925
12867
16929
3336
10883
20080
18624
22005
28309
1510
30354
12837
600
17902
26569
24782
11442
27681
11440
30175
9063
17029
25919
22340
9031
1784
15084
8038
22693
466
11459
2290
11274
28614
25017
18396
18219
17161
30014
29603
26137
32694
29201
26326
18616
14194
28504
14295
22642
26700
1008
11999
22060
17126
1026
23874
9337
7130
15575
14837
526
3159
8941
26445
18551
1547
9802
1545
776
24134
8464
14739
29205
5212
5202
16771
20070
22347
10022
19557
24805
3741
7163
26556
17050
27280
12333
12615
22745
16245
6615
11650
25018
12374
6121
26480
9418
27867
18554
15768
7168
1646
14687
77
10483
8350
26364
17715
10825
193
7514
5119
1395
16606
28538
20606
30872
10698
14569
1497
18638
30864
23957
30487
8336
4886
15327
6371
12909
28670
1265
22672
29693
13771
28498
21594
1305
21829
30647
26863
5963
8990
9245
14382
27012
13525
32020
3374
11277
1243
12638
16770
24768
8693
6072
1979
2936
28129
760
16175
18118
12092
7256
13561
4326
31395
14354
30273
25841
14105
22573
6078
29779
16808
20886
5752
5248
29771
18290
13779
13539
5132
28851
32457
28951
27242
23529
17527
4954
3581
9563
20955
6975
7773
21335
9436
7331
30527
19654
23178
2785
7905
7683
12456
17482
29609
32750
16488
29135
23817
21820
22133
3841
933
4625
3126
11836
21688
16848
1618
19742
21683
7986
31855
19774
1320
29333
28224
25883
25063
10903
10686
7507
14695
25316
1717
11798
25703
19788
31619
20697
8404
12569
28444
23119
5102
29855
27730
12437
14247
25876
6740
29101
14155
12450
7796
24109
32614
18107
19245
23608
1251
4781
16484
9902
1905
17526
24814
31904
21291
7129
16723
25863
17783
27057
29649
23221
6446
15238
21924
29835
15870
25950
16773
24045
16141
24021
19313
13171
31967
8304
27051
6113
15994
2607
12036
5466
24008
25697
31322
7888
4924
4540
16223
17855
9400
4525
19611
30747
31663
19949
12981
23175
26247
26197
12526
4807
2369
28403
19182
5752
16731
21597
27587
20990
245
23109
14887
15295
25908
26702
513
10127
3044
6430
22319
28266
27745
16309
21891
15977
14263
22269
8715
9967
1032
4002
4502
13603
18222
28707
6259
13476
25762
15146
26492
26744
21148
4121
23124
20549
6780
31205
6892
19907
14441
24615
7756
15985
7736
3696
24208
23943
23951
17885
30256
556
15690
3308
133
3562
15901
12686
25481
8031
21115
12670
26335
23861
19895
31952
15379
27988
20074
18125
23586
27733
10260
22782
24125
31034
4102
7303
11210
10589
4479
19895
13740
30887
3349
3548
3780
2562
18262
18268
4023
19473
19120
6145
26610
22046
8334
13717
16364
4436
9668
175
20651
558
32301
14796
5258
17967
27538
3233
30009
6612
3022
26032
6917
31431
16944
17946
16730
14933
20513
2484
13446
5154
24839
21340
23743
7451
3433
5006
31336
7853
6483
23858
30608
12852
29180
31928
29372
12471
11942
1383
26342
19154
6342
18674
5317
23795
32613
27981
4431
21450
22982
5310
7549
13562
32073
19511
11086
8213
27279
13283
13326
23495
30175
5631
17368
17233
20168
24555
24154
10297
11016
12673
8408
31808
6317
30373
17779
22421
15226
16157
27564
12104
31116
18596
18980
20481
23358
28473
11685
28914
8777
30653
26982
29450
23600
26813
7307
8300
29659
25997
28908
31
1665
16278
14103
4615
32716
12784
920
1812
16696
31540
12664
18873
22717
18827
28163
27296
2733
11531
12750
17820
13023
1092
19193
29407
16653
5909
23730
22637
21627
21445
30714
28624
15065
25166
12716
5133
22123
508
22971
27608
12135
25911
14267
17412
13471
32669
28835
28221
28511
31317
31185
30713
11929
17055
15694
19884
27967
26287
21332
7739
30705
13499
29965
4788
5592
20563
3230
11836
14546
12785
1636
27209
30927
17617
18301
25361
24187
5890
28043
10306
16669
20414
15284
1523
15294
24567
22766
23002
32143
8498
17273
18624
31109
22168
7596
26675
14662
17482
14325
12411
22344
20726
31772
19151
25655
26024
7623
4040
15256
32738
13379
18965
2989
10734
8577
4465
5272
19827
27231
20946
25282
5191
25641
21219
2174
19332
23392
21429
6890
31966
6074
3761
30230
12851
24937
14802
3177
5988
27552
22289
17728
28260
18516
26912
11991
2446
18752
24666
1901
16444
29227
21499
24995
4501
24685
23436
26662
27046
19376
7330
1165
15541
1012
24776
28037
27857
4310
18362
24619
11694
22033
27092
2233
23216
24901
32457
24165
29510
17655
23704
30342
12665
9433
25276
4857
28357
22348
9635
28611
19239
16420
28258
5111
19063
18603
25255
10715
23544
6376
26863
8774
46
30241
7417
10060
239
27294
26746
8733
28605
6832
5138
22571
24147
27378
25727
25483
1406
23503
6161
2718
20014
15940
22621
15088
28877
9703
29750
11104
7887
15401
30169
27010
27275
22744
26984
22081
24905
1000
26522
21961
2972
17522
14512
13988
18418
24829
9131
5154
13161
29949
15804
14335
5348
32665
19964
16192
32351
20401
6493
1630
6271
28960
10976
8358
19565
32574
27657
24288
16357
169
8593
10543
22410
12358
8282
12344
13181
22402
20136
14726
23085
7646
17805
2861
1393
29098
9893
15022
17876
28176
31236
25371
28719
25173
10349
1660
2430
24156
26052
7792
9452
26732
8134
8216
26672
16434
17656
30512
10780
21258
30685
15487
24435
17786
620
11122
18940
13823
7617
6916
7636
7437
25107
32224
4360
28241
29414
11722
2403
24377
15234
1595
23685
30390
20387
4683
22069
19009
17522
20948
30969
3100
5556
22997
11491
20186
27458
21524
20653
8737
21177
8712
24841
27823
16754
9973
10802
10139
29365
32089
14279
24285
30249
7047
30425
6929
655
11154
15939
6264
24752
6764
12601
28480
660
8783
12324
4357
6901
21596
19373
16279
18675
25987
28184
24830
11274
17058
11988
21691
29760
12273
1104
11857
17059
30621
18448
30980
28146
27571
16639
26849
32667
16192
10247
7422
31973
31415
23263
22275
20591
3986
12580
19433
26585
20284
10156
29186
22977
18735
22039
28730
10225
21593
25254
4764
29142
18373
26705
26648
11061
9847
787
28035
11033
17048
30345
27103
10000
7123
8891
24541
28310
31998
15162
14496
31442
7421
29803
3012
9856
18147
6946
10399
8751
19803
19058
17606
30892
19783
13252
29651
14270
934
11559
19558
4371
15035
31207
24170
1915
4716
353
24218
31828
10216
26645
11075
12613
24716
16125
3659
4656
23560
15646
24690
23393
20925
14172
29144
28684
23914
19090
23488
29942
32520
27618
8083
882
20978
21322
14120
2191
16201
29816
31298
9360
12183
31200
32090
7836
32690
30219
19871
16567
15588
16178
11836
12273
27720
10507
15065
5341
24951
4323
4964
10309
26724
28653
29969
30748
18053
26586
25759
30900
22324
32169
19934
13874
18260
30401
15470
14910
13367
3133
4553
31231
12735
26759
23683
24646
31684
9000
13521
18441
22198
11998
16969
31508
25476
28143
20200
2299
27324
24766
2905
2643
25331
8860
26740
9249
13927
10464
10758
24467
3043
30778
5840
10734
5859
17476
27090
4296
13049
11610
26825
3703
20079
4268
17398
31433
26670
7825
8993
29686
9438
11039
990
21458
16207
27896
19727
1351
22552
7782
15274
19971
26750
13483
3260
24686
23703
8594
2222
18911
6319
21322
21447
4367
28138
26228
10227
6350
16939
15995
23491
6900
28469
30756
23220
20379
7440
27238
29364
5259
7087
10619
6882
10486
32719
16439
6038
20838
1826
5017
8097
30707
1965
9376
26326
7353
28270
9311
12745
10889
4419
3668
22230
991
22535
15606
20581
23572
254
11405
17517
12501
1139
24646
9527
30676
23455
7559
20325
21693
11981
29056
18738
27500
11964
13571
1787
8797
7493
661
22783
26980
18749
21189
26211
22686
413
12988
22905
15271
17376
18710
8513
23821
10669
7408
27696
9733
22966
21314
16433
26205
32736
22128
21482
22706
4260
7195
3392
14051
23477
32061
18717
29381
12771
21621
20592
26393
8767
22175
7798
5307
4736
22952
23609
16412
13989
32160
13654
753
11228
27665
27138
9773
15011
8592
16975
22573
1069
30097
18092
4915
7943
21632
25003
18454
26363
24589
20232
8504
1077
27079
31718
29111
28068
31724
15451
9448
27299
25727
31279
16897
22489
30364
16609
22549
13149
30217
19179
26182
13342
24845
29767
5174
28803
3205
13874
20158
22606
17972
4144
7395
1478
29019
592
16645
10773
20873
31921
31322
6383
30645
26693
31387
14196
1418
11477
25597
21080
15106
22598
25443
8001
566
19226
15058
28016
28021
3642
20517
18852
23443
13810
5122
6459
13955
30269
21772
28827
40
19523
21338
10448
8553
24864
10281
30838
12164
2535
21965
5082
7076
2278
5102
6236
181
29740
11248
18200
887
25929
31155
21189
30929
22101
25725
17628
18025
20532
25652
15869
12657
19991
26321
5520
4036
31302
10769
7336
3889
10270
23917
2092
1814
12117
8269
17976
2097
3206
12409
17089
7860
27369
23760
24440
31383
31585
4156
8945
29234
15549
2277
25349
4875
6455
4005
28277
13549
32065
17341
31183
17210
19330
20166
21398
12417
21019
5354
9117
18515
9518
13651
14772
21331
673
28388
12166
16781
8991
15655
25026
20233
7264
16775
1145
22175
14507
19648
22216
18188
26521
7315
14774
28230
11291
8638
11871
3853
11198
25131
32595
29891
17198
19304
6457
31101
17401
2391
22200
12890
16278
13607
17303
13844
934
28802
6946
12756
11129
16648
1488
16459
27348
16381
23076
14078
30194
29246
25809
24033
10952
23674
31777
17704
24462
10142
25239
11610
31354
27025
15572
13735
14031
26146
7863
17531
15126
23615
29640
24147
25771
13159
18135
24272
27772
7521
11488
18441
18702
47
22322
7206
29121
15422
4304
29995
26452
8927
11032
20241
9643
12539
7586
14363
25296
25089
23915
23399
16185
12068
12083
6596
19273
3780
31011
9411
1560
2089
22451
20497
14711
12151
31179
3331
22319
7646
2088
17523
15242
14866
7170
715
30997
25851
2284
10847
4515
24237
32251
8192
16533
30618
16938
9677
14937
25094
4093
22605
1329
14268
21605
443
20278
2048
21732
14241
26012
452
241
30377
12599
3615
29342
12463
23614
28410
25208
282
1360
13837
4783
31597
9140
10250
30071
18457
229
24599
4781
918
27470
18306
28862
5041
1618
13744
1221
26408
23439
19543
28147
21364
4452
25581
52
1254
27312
7265
25103
13557
29661
26120
16846
6871
286
5850
26080
19022
25076
24542
7291
29893
28151
14051
20102
16539
20179
2161
14773
10943
11153
17919
5622
9853
6424
9318
10764
28567
29683
7830
4985
17048
1876
4232
17826
28517
9561
32372
1070
31253
5263
23619
23727
15874
30389
26951
25476
18208
3266
29738
14334
21902
31785
6948
5057
16235
31067
23665
26989
9451
31629
2819
22142
10922
23996
31604
27761
11840
4335
32062
5417
10517
17341
29742
5776
13687
8974
9750
31105
27113
6182
4291
22502
32446
10207
23598
22045
29159
22325
15606
19361
7434
14600
23310
24294
29140
2334
4275
6276
20623
30824
5538
12696
11511
3718
27271
8551
30025
17548
6328
11845
28574
15623
6691
1462
375
15675
32134
8146
5529
19375
6878
29166
5147
6124
27681
13432
8381
3969
24111
16419
4987
17482
11782
17988
24418
2034
9782
26748
23459
24759
20630
29592
8934
15213
28724
16821
31968
32454
22418
1960
1576
25552
28431
4509
2630
14271
32675
13053
17421
27373
5583
28054
30764
4383
4308
5110
7679
14090
12836
27415
2731
12566
16662
3906
21097
18273
5853
8237
21538
25351
9915
30823
9021
8353
22130
29685
17333
27659
15100
2622
27758
2411
3451
16164
17353
12142
27763
12148
19062
5845
15671
15488
26761
9009
16801
6922
20688
2282
13830
18788
11876
5254
2921
12502
20607
30504
4591
30272
18573
15447
10131
15872
11910
19713
16155
26390
32634
9152
21323
390
19054
5723
6744
1022
8038
22672
3488
1209
29891
7185
6551
31139
30415
29132
2565
17342
30103
20591
1647
2500
25849
25644
13010
9742
8957
3002
18584
11188
30825
9884
15300
18166
1935
6309
16496
31963
7530
9916
17529
3607
6377
4317
12665
306
23691
3424
2805
6119
32300
2430
15576
13259
10527
21265
11808
28207
26236
3995
27608
26438
16315
9354
70
4235
28546
29882
19045
30301
5308
5948
27030
19692
7147
27478
4498
17497
21183
11722
23203
26649
23015
29531
25108
3483
26919
11406
20197
5674
6571
5806
3780
2068
10907
15890
24377
17164
29679
30115
30497
21453
31621
26520
25693
11008
24688
9092
29131
15200
4244
19859
10613
17180
31856
21264
18185
17532
15674
18475
11914
29128
24881
21242
15172
4198
21039
18365
31493
5954
2685
23142
10634
3187
3052
2393
56
26139
19745
9584
11789
29326
4401
6978
3029
2999
23918
24997
24737
6584
384
12657
19061
10449
26039
27271
8001
5763
5023
18962
23058
6645
11477
22029
26762
11158
17434
8710
27790
4100
19622
20769
17982
2605
5054
31071
31274
30900
30857
19488
18370
25238
22048
10215
1039
14093
21476
30558
3233
17588
4116
410
26313
11244
22687
3999
24328
20607
26166
2855
15558
3716
19878
31391
24135
13955
7013
32371
20700
5337
19818
13195
14678
2141
8002
7958
8384
27715
23649
1926
31054
22849
11446
24283
28560
497
3970
8741
23531
11895
30825
21060
26698
7011
17098
27123
15889
16345
28492
29957
20563
16111
24505
11501
5700
2134
1296
16004
18929
27709
13269
7431
32558
9842
4780
1631
9936
9418
22310
7334
21021
3268
17627
14566
19073
17513
8889
23332
20867
630
6811
23453
7414
10685
14109
16719
25460
29641
29615
25019
3336
11969
4841
11754
23595
4750
12063
20654
8946
28992
14644
554
22661
18094
22963
13460
8915
27485
26651
32314
10372
28324
27771
25795
16175
23565
24383
28088
18894
28669
6986
6211
23407
32664
13893
9270
29228
6111
13110
19022
24156
6171
17236
18874
10763
19327
2330
28375
5288
17929
4506
30526
30462
2217
30740
30464
9062
12453
26567
9008
5690
13884
28679
9634
2700
32394
24208
24051
18200
17579
5146
13257
14200
7715
1837
24156
9623
7805
26935
17718
10088
24115
8668
24119
5336
26830
5261
11483
6657
22094
25692
18112
14752
5068
10766
354
21449
8030
20594
11561
1241
15163
2802
423
28845
23584
6760
7962
19985
22258
21555
18745
18043
4516
8073
16173
32250
15195
23822
21725
22377
20432
27814
12654
18664
27126
17800
22282
21645
10718
21653
22497
31062
12759
5351
23662
12386
32473
5804
24316
19041
8228
26677
16488
16714
4644
5450
6696
21068
16536
12481
29068
29702
29683
7247
12356
31994
11778
669
1571
3647
14800
14238
6179
5751
29383
29473
8360
257
1815
6562
25865
25968
14684
1894
9292
19259
25979
4551
25393
21941
19660
13004
14707
27712
28031
4860
1098
12990
26936
25972
8756
26185
16125
19000
7157
29220
23634
10951
24284
20721
18850
17650
27721
3620
30177
22509
8812
31671
25968
10151
591
28704
18497
19031
5911
8320
15163
29783
25223
27421
14560
13878
29381
9746
32045
24841
1377
17989
24769
1281
23443
29338
28482
15939
9156
22374
15613
17395
7248
20007
16332
28050
21387
11634
12093
8843
10498
21804
12272
26632
29699
19197
20033
266
29535
31490
3111
21689
27246
28866
1628
3833
3924
7268
29887
12093
11907
30751
2550
31136
10113
8689
30295
32306
9964
15764
4617
10895
16827
12974
29286
6583
21958
6984
28324
5657
21385
30337
22453
497
21796
29571
26475
6612
9895
26807
10976
17801
9101
19253
27669
27419
3462
14975
24281
30764
16506
29806
5357
5516
26570
17772
32101
14603
6361
18660
29521
2443
30411
3575
8093
18777
17292
29809
12854
15037
532
22011
13934
13007
3562
20370
1698
20109
19431
16183
8986
32299
22589
18920
28720
23210
21944
32208
8117
31148
16963
25787
18832
13191
29869
6860
30632
3992
10157
15730
10501
19162
13860
18072
4146
11446
27811
10268
4325
7709
5165
15235
16609
14037
6718
23019
28700
13584
31243
12352
31773
4931
19212
9139
29353
12341
6328
23144
18334
15703
26512
15471
8735
26451
2910
246
1265
27879
12991
7101
22053
6132
19423
7882
2552
19666
9860
25693
29943
9191
30542
5414
2407
16760
8253
24246
995
24510
25203
28212
19271
16189
23867
849
1997
29009
32331
12157
13686
12554
18246
5468
13740
15929
3205
15475
9253
28363
4375
19752
29450
27222
9222
18665
4697
17394
8924
4779
9864
26186
1382
23446
4715
1523
22200
18430
22615
3580
16241
24726
5768
15046
1345
9184
8896
22293
9128
19432
2353
20328
25088
7218
29341
3974
2749
19441
13756
24154
10228
24697
6110
11264
26906
3063
209
1568
5647
25696
9733
9851
13146
1703
28910
20419
15287
31283
9386
27824
4815
26768
1764
9552
5446
32101
4088
24223
27130
678
26199
22615
30858
3338
10542
23817
10518
19648
20034
14445
20806
22110
5918
26615
29326
30746
24945
14762
11696
28476
22194
19761
3970
4563
16133
11052
6897
16551
31586
26312
13382
13680
27380
32146
20904
325
16319
27021
5346
20311
1670
6529
12903
16351
26092
17303
18835
28501
22745
17955
4660
32227
26655
2753
841
11033
10078
8099
22282
23010
31013
31529
4136
4279
24153
7602
25685
18962
21723
1459
12295
10534
2405
10758
22393
26317
24757
28292
14579
2754
7150
18133
5196
17680
7227
31623
2989
31690
2485
17758
8599
24829
24967
13035
22568
9443
12111
3168
21914
6233
30152
10659
12812
21395
2727
28321
21125
13583
27074
25061
30006
19655
17271
4457
21247
1963
19020
14764
31285
12110
979
25348
18083
4576
8401
26934
6862
26204
8350
8516
15998
16642
17359
4486
1657
11272
4627
28668
10642
14477
30555
23267
26338
7118
15422
32646
24918
11420
23963
9047
21610
21774
1920
17214
1587
19571
14154
15665
6819
11658
18702
14341
11273
15606
29752
15748
19671
29676
31602
15039
22184
9007
5064
23206
10881
16958
18185
28373
18007
16075
21872
23217
21458
24688
23171
13492
5201
5278
14652
4613
20014
14038
4967
12364
8003
10523
20555
29124
22701
20647
30348
24466
18383
19165
23888
9813
4250
28287
30881
16638
32012
27937
17683
17890
26103
10461
5798
2573
6404
4681
20205
3801
24567
8870
15984
28096
3381
18010
13648
13935
12675
19361
1833
29467
24336
10623
1596
18200
7606
13049
14798
23464
29821
2692
21451
3857
11361
27070
10671
6642
12373
4444
13478
7894
11911
30051
23794
22538
24294
31132
5262
22444
4834
21057
1297
3589
29298
23805
21716
2585
2652
1556
18263
10363
4017
3549
15585
9318
31894
17017
21863
16138
27210
447
15023
28964
19557
6006
21942
23249
29022
19399
29518
26020
27728
13809
7179
19702
19454
10047
9056
125
17172
16952
12806
5409
9648
4629
20381
14346
24608
13944
12182
22526
19182
30554
17744
30954
25
21829
25473
26046
5542
27076
27352
13438
24919
11289
19425
20630
10683
28205
24616
32623
26727
9677
24225
4927
386
22034
28487
16421
5255
11553
8708
18293
19014
10773
19665
27985
17452
24378
5406
27769
4293
9340
10356
23651
18815
19999
26713
15759
15793
15280
3444
8213
20187
21307
1521
6272
25136
15550
4903
30430
2897
29150
27256
29720
21596
30169
23929
18816
18213
18876
19795
26281
7107
28886
28010
14715
12367
6508
6460
15494
11752
15790
16779
16279
32506
20714
13502
7817
31424
19712
18053
23134
27144
13334
6844
18575
18743
23180
6034
19615
27532
3378
17130
20470
25513
26553
3841
27629
21839
28520
23121
31270
5225
17936
9910
32542
13644
2370
19408
8965
29245
12735
10408
11469
2611
1840
6294
13185
31967
31768
12130
31192
18410
1542
169
10250
2430
17935
30338
22498
11271
5499
31586
10004
32571
19135
31549
17362
25176
19116
32750
10138
25516
14821
27865
29778
31067
25238
7631
10134
14173
8803
27954
6225
9926
29855
25945
29322
8778
27839
8501
9601
23552
13582
8245
30715
28774
26018
4456
14042
10918
18318
23010
12784
24087
22617
23136
31509
30983
8623
14383
7031
13496
14679
11593
13106
1704
32101
9154
14113
14101
24753
8290
16627
16577
23431
16532
9601
24051
21664
20350
17758
26302
5713
13938
19376
25733
9219
19589
20287
32447
995
18813
2508
9464
20699
24561
6564
6680
10432
17067
373
17640
19149
6481
23135
27090
31312
10309
27726
12777
31139
12233
8328
9001
12638
18023
642
28159
22475
12944
17144
13324
11418
1923
28988
11302
7382
2416
24271
18335
25368
7389
24878
15562
30715
17738
26094
6844
26319
30480
3339
19024
23186
16527
15742
8302
30492
3720
26637
25996
21145
4040
27751
30324
9020
31751
21616
25160
30002
16911
23002
10692
31957
24865
27125
964
22819
29076
7112
19206
23150
8383
19552
31024
8532
9241
21864
21269
10738
26527
4602
10804
5973
31606
9653
22401
21297
1234
14864
21353
21974
13846
9709
3856
10847
4669
13170
29405
813
32632
30740
9784
29332
27928
29428
1170
7123
4271
25967
25510
28746
32370
6640
3839
19687
8418
3337
7355
3042
21420
11459
32654
24234
9677
8754
31242
1055
1785
22860
22301
12033
25662
15099
3035
12456
30693
19824
9853
15350
20633
11963
11946
21643
21451
7576
23286
15927
16212
1164
16297
181
28252
15153
23233
21398
25979
29134
8506
1659
27167
31531
29068
14727
10542
26788
3958
31252
12524
11387
3322
6053
16926
13939
17577
17692
15472
16026
18720
23086
10772
12902
28115
18707
11948
30723
19721
7298
23914
31724
28456
4572
14965
15545
30515
9128
27535
18743
30865
6207
23542
25790
23056
26824
22407
17855
27177
5223
24873
8861
2182
13234
18537
190
2241
24677
16994
31201
12911
17750
2528
27570
605
27307
19141
17819
4377
4682
23723
26846
17076
14481
4298
20193
9159
3400
5916
27080
6068
30931
16064
29513
15406
428
5533
7612
9724
9745
11079
23410
23289
32250
31526
12360
11616
14670
16853
16764
23622
20054
16840
6079
7528
27762
15154
18315
29735
1803
6949
29622
31185
3272
9723
24136
31522
7941
8438
31626
3851
23937
16163
15199
2737
6742
21892
31959
30393
2607
6765
24578
27075
17589
29743
27138
27700
10570
6900
12132
18745
31738
4586
30897
28937
20142
15268
5439
20586
2723
3517
20557
16758
11803
10174
15439
31135
4691
20801
18567
6385
19892
9047
21717
16023
1613
24872
14288
18081
18561
17369
27413
5380
13821
15795
20960
4578
8430
30849
19929
15116
26480
4921
5680
28358
9033
25311
1259
21450
471
15015
20095
655
22599
32602
22430
21450
18440
2554
7505
30774
1919
7593
25414
15760
8957
29895
7275
9446
18926
10587
16828
11794
31827
31924
2904
31874
11378
16976
16347
14650
10443
29180
3560
22043
25167
9533
9221
5733
25293
1007
31404
123
1965
25644
1182
7398
21728
8559
14715
9885
29719
28409
11920
4227
13363
10612
12784
1074
7421
27607
7110
15863
27416
27529
18921
27165
2100
24521
31153
26479
21379
30797
29706
4856
20081
10025
16326
269
400
16883
20024
18318
11729
15909
22014
15720
7674
3266
20510
21342
11348
22845
19285
27146
20644
12182
2475
18718
19037
19910
7243
7152
15124
9309
29074
5942
17716
19050
2406
11277
755
26779
17353
27713
27013
24485
32173
968
27791
11750
28682
27535
30174
22601
1327
14714
1369
23147
6230
12710
3380
25084
21370
31985
24167
22887
8045
10428
14687
1461
23077
21487
22259
15278
18262
11582
32153
28738
28487
9899
30426
10280
24542
588
30979
2757
1020
7247
22814
7247
1297
5691
6432
25394
27367
18296
9828
31923
28098
5906
23640
25811
11947
8890
8055
30070
18953
22286
9335
24772
30833
23834
14275
10960
12735
286
6443
26231
1638
30353
16346
14732
8964
7527
6793
27698
12858
11408
8179
1928
4282
26049
17289
18316
1953
13942
8806
25657
264
27192
31877
30195
27349
21019
20018
31013
15319
1420
7614
13609
20243
8265
20855
2664
2392
8625
8663
27586
32026
20798
31740
1840
125
19536
26712
24999
27055
8492
18858
27200
25979
6980
2093
18583
7195
9401
32015
27248
6222
24862
12836
5281
9387
25983
18908
31532
4917
12705
9075
9387
9007
20108
3943
7409
31026
13895
10287
15086
23932
26851
9002
32211
13451
21178
11734
17783
26091
26617
11074
27129
9548
6492
26054
30376
20951
1593
2289
3103
24514
4032
30659
11700
34
12673
21276
32276
31489
17199
17525
12071
28593
1955
24782
10554
28511
11555
14311
11612
9707
8933
25523
30472
1272
26575
11274
8453
9535
13953
4766
20875
21032
12949
23344
29095
29595
31525
25604
29664
18963
18062
25234
28187
12533
27508
22654
2748
23329
31495
21706
5390
15814
20612
21835
9445
7546
14846
23641
11650
29066
7774
3787
29622
4494
17577
28195
12107
24897
8321
773
23455
28304
18415
3054
31634
13809
30303
1058
21666
246
16620
5862
25941
4898
24542
21232
6872
6395
12657
12828
2533
3424
23001
18784
12009
2333
9346
13570
31079
12477
2716
5384
9879
13472
727
11761
12116
5965
32363
418
19765
11784
14172
29859
23289
4008
13308
21387
5160
26019
9137
19641
30711
21355
30968
12869
21356
26621
25770
6198
14020
19894
5759
8950
23058
11369
26320
6659
13608
29104
19873
4838
20154
29567
19166
18537
1729
8447
9189
29189
24606
13721
6725
12186
3456
8784
32709
23907
17799
8533
19369
25640
8746
10197
5424
22965
3926
10774
5985
1420
3287
26050
8711
7639
18300
9859
7163
20640
19830
14543
31393
27972
25090
32518
21173
16933
13384
23738
26184
672
32130
27725
21509
18751
19040
12994
19385
2607
29611
17869
27667
2548
2602
6188
11688
11355
14786
24634
32569
12208
26592
19650
30521
10290
4380
31761
16010
20420
10774
26959
6280
32229
1956
17423
11336
23522
4656
26148
29473
10570
18523
23478
28780
9379
21734
12694
5769
27739
15315
32207
32035
27650
25287
22142
19636
10678
30899
10979
843
2014
179
12983
30349
20251
1079
26560
14073
5243
12384
15780
14449
20464
25261
3067
25590
14081
26838
24231
30388
12224
30712
8296
21054
28668
7923
21419
8730
7351
14352
19875
31360
32218
7656
10139
21599
6696
10113
23179
2721
20337
12217
14569
15536
15112
11240
15041
14905
1655
5569
20488
23600
27760
11385
11566
28436
2567
20780
17906
4724
20511
636
27258
12722
10530
15227
15011
31239
9974
14795
25494
29127
19756
28419
23452
5350
19322
8533
4147
6844
15467
32622
14945
18693
15445
11166
19784
30764
27788
569
13051
11465
14037
7997
19344
27240
25885
26420
25206
9100
24939
5980
3593
27379
12820
8454
11620
18972
1582
21564
30838
24839
26182
7590
22105
13116
23894
23471
28126
17934
11761
3811
9325
29729
26561
27035
32524
6698
28979
733
6589
246
22897
12414
10509
10414
1681
19593
14826
22873
5131
27109
9141
7330
30065
15409
24728
1243
12634
14067
16410
25923
18592
10226
10224
24452
7627
20704
22294
27264
28876
17468
24351
13901
17135
2423
18378
4478
14091
19542
4309
13221
16891
7063
1558
4374
16210
31447
6599
7149
15947
19379
14626
5714
6911
21038
20270
23035
14299
22610
27096
14579
27472
13595
13637
23450
30156
14992
16743
16366
5098
20275
17870
15880
230
13979
22465
13801
32083
19808
18062
19063
11792
15415
4638
19907
26488
26206
12236
17037
14553
5947
4471
5898
19495
13120
8918
31973
28146
28689
12556
643
20886
22505
28797
20875
26034
7226
5343
13990
19675
31635
12180
22147
20113
16071
18487
13343
21617
4428
25461
27715
18349
14561
27678
19022
25274
28787
12923
6708
19272
27202
30179
23495
2167
15680
11401
15157
10568
16825
32152
29394
12113
8505
8578
31256
4534
7595
7316
9708
27732
21438
1999
7715
12095
31885
23539
19525
25199
29310
29404
10129
20918
32106
13073
577
13557
10751
6555
15375
10384
12387
5651
32247
2591
11802
27903
25407
3431
14122
5215
13237
7560
637
16002
4920
24183
13702
1822
19065
25263
4904
30368
3331
26916
4563
20417
24697
14201
7408
23386
2335
25714
1407
9849
8092
9900
26110
26292
13311
31628
32141
30909
8703
14965
18001
11575
31367
26686
19222
22472
9842
24291
56
21616
9875
7546
9155
30489
5368
21609
26841
6511
19311
471
29268
15089
21322
12896
24749
26440
608
14861
30493
22232
26964
31107
7169
32150
30490
890
14467
31769
30134
13937
15223
9971
17479
7840
17283
6209
29253
13359
13443
32641
8199
18853
15403
9124
18568
16035
2542
19300
22634
19154
15903
32728
13883
29978
21591
23878
8184
2837
3350
26168
463
11459
6829
3282
10793
16511
5467
26210
32488
25393
31414
15673
6125
10438
15436
29882
25310
16605
8587
29616
13350
21443
222
2277
26941
11170
5145
32240
41
32245
27671
19534
18501
26943
18337
10420
4161
31485
20882
22692
30058
20953
2617
1599
14379
12320
24575
1626
14804
4726
15178
17619
1947
7881
417
19237
5857
32643
21520
5435
5814
32516
3278
10370
31390
30543
16413
8514
8853
27139
17522
10798
17490
21646
1494
4666
31177
5277
10380
29868
6387
28886
16116
10102
14545
6602
5807
25539
1967
14117
24836
23760
22182
21800
14978
14589
32356
18010
21991
8484
304
19834
20033
23081
3624
9143
25683
7378
18893
12068
11066
8153
32706
32102
26705
2112
8657
22191
10833
13285
14383
31985
23485
4694
9985
27467
21629
32742
27934
10696
11976
22273
16407
2376
25416
11196
10613
23486
28793
26032
2369
31900
4435
11273
8650
15756
18216
22490
4258
2913
15055
24756
22762
24397
14594
30582
25295
20564
19973
17254
5205
22784
17544
30081
26452
9559
3023
9744
8383
32010
18704
12412
3372
7663
6173
355
26257
6833
16194
2795
18252
4551
23153
21335
20071
20642
16796
20952
22809
14123
11875
3493
30096
28524
25839
13133
29421
19853
25630
5196
12945
27651
24800
17629
7831
22532
4321
19472
27041
25150
2152
6684
31704
26568
12159
14582
12590
10073
4692
27427
19687
30392
4319
11466
18007
27763
12741
19213
21229
20948
7292
1433
20848
28945
32432
28284
31369
5059
24806
31800
31362
17817
11872
533
22605
12110
29760
699
19912
7640
7152
4351
30015
2531
9408
13054
28722
13181
8401
31592
27481
9747
31027
19743
9190
14492
15690
32001
21002
24084
374
17921
7354
23084
4338
17277
31411
11840
30461
26060
9404
21129
9016
5398
32043
3988
11600
30312
4266
3058
31708
1799
5179
25138
21129
517
1146
21260
2932
17427
18978
26591
32727
8598
2003
6494
25576
25341
29971
20101
6654
23377
27282
18387
16630
19725
946
19123
469
4401
31046
8507
24750
13458
6554
16920
5319
32628
437
13513
11255
7002
31706
1548
32082
19229
10069
24726
12041
26940
19828
7687
21387
8307
2003
25629
25072
4751
7132
8744
3480
24960
12175
702
16655
20144
15231
9647
16436
25747
24093
13883
13723
24192
29753
12675
12079
17087
6854
28990
19996
25315
32222
20141
11756
13913
6406
29137
18159
17218
19634
8411
20449
2430
27916
9188
25287
9225
11761
4318
26906
5259
4156
5067
4903
27946
13384
1837
24246
19619
13744
28861
28906
24729
29785
13919
18280
25133
28339
8022
1211
16590
4411
30132
23544
28498
8005
23573
24477
1862
6392
11149
14271
13955
17050
28127
869
11010
12558
18416
26927
28914
32666
26747
6971
30471
4846
20229
21064
11540
3426
32532
1052
28892
22656
29596
22820
15654
26562
26298
9563
20239
6300
16804
26732
13732
21437
18657
6427
32688
21395
22709
16353
31699
13325
17888
9430
16084
12196
13960
5333
25656
11676
1907
474
15636
1415
4473
686
24863
7180
25401
30151
22027
15590
17164
19305
16662
22063
3383
15122
22236
30943
16997
26645
32111
17040
23124
14725
21673
5252
11982
26964
6337
15336
4827
3772
4893
28506
27189
10206
3431
17834
21756
26282
31459
2525
17323
17662
19456
4216
1867
9234
8237
29179
12774
31507
18925
20139
23359
22798
22830
32660
7616
15888
8151
22735
24500
3980
25760
24833
15542
11260
14374
8740
9065
25035
8255
30602
31594
19827
3466
32030
26499
25315
20299
1006
30754
9763
31094
12262
25097
22330
28938
8926
3398
5456
4768
22744
4198
15632
10052
6530
27622
1616
7043
8963
6634
9460
11461
29171
17969
28943
222
19115
16969
23116
23519
26560
2559
10893
26674
29130
27674
23505
17638
9322
11081
1371
20039
17547
11097
9233
21682
19431
32427
16930
13735
28109
26598
16875
2848
22818
9193
20508
25889
23463
4100
16662
16785
19065
103
23960
13896
21470
23258
25243
361
7742
18863
14458
29682
22640
6901
9558
27281
7992
8175
32441
18618
23565
8389
7801
10742
287
14456
7904
15742
18072
11547
8713
8
19746
6209
10381
18401
18858
29618
15200
22332
7780
24162
27893
26826
1296
11683
30121
27274
11899
7833
28510
23267
31560
15342
29798
31728
12784
19400
9636
20763
22024
23032
23533
6893
1219
12917
2228
17700
31415
24584
2535
31494
9956
840
29972
22006
28402
5577
7632
23109
2234
28049
23385
13898
3336
5323
20858
30645
10143
18880
16559
11040
2174
15106
8586
6631
31330
21482
3925
6714
17036
11589
17913
9584
11716
30283
14111
10398
28318
27089
31380
17257
12540
9151
7666
26904
1748
27331
6013
6126
4660
16967
24651
6838
4227
22689
31144
2207
11017
9610
25016
30538
12466
19666
15198
4898
7438
6482
11613
4588
4253
9249
15549
13214
7754
31755
9841
17781
4661
24894
31798
23362
5557
26951
2238
13061
21662
7997
16142
30396
1983
29756
14629
20605
2223
5141
2526
1219
21194
29252
26135
1798
5494
8995
26899
15502
15275
21853
30749
24968
3250
32676
2414
17498
18988
5799
21073
19252
28503
24382
8325
30695
30093
12520
25315
24059
16909
15480
9536
16123
8446
11019
917
16660
29105
10557
22622
29663
26663
12957
10815
6010
2003
12638
7405
23005
15264
17999
26956
32363
12086
19725
8405
9160
19833
28790
16443
7147
2131
25442
21838
2676
19892
4494
15391
15679
19927
23769
14181
29497
30406
15027
26655
1394
18720
17874
26747
9844
27162
6182
3575
11220
5828
272
5830
5638
23694
27599
18037
19061
15114
2619
13774
13267
4851
6069
23037
15534
1647
18526
1777
22597
11921
14471
28933
3481
18978
28777
29152
14535
18849
20502
5273
30356
23688
30640
11551
28234
25553
32729
32473
28099
28089
5738
13961
3011
7876
21352
15222
17547
11265
23092
7114
17578
19087
6913
6201
22039
14432
18571
4835
9085
16957
22023
25980
17878
27402
4437
25258
20539
6220
11645
1710
19962
26600
20825
6983
26346
4909
32399
21203
7675
789
25795
7864
24081
31176
29962
17666
18707
30050
18849
31054
32062
12278
13791
31974
17600
24787
4712
2605
25474
8966
6564
3902
30533
9504
26735
31696
7664
1593
30482
9821
22056
1076
7794
3203
20002
24389
32136
29354
5301
5809
21265
9959
24756
25301
8071
27424
25210
4202
9039
19057
21446
8455
3380
24015
14794
21735
27924
17387
3454
493
16089
20569
15930
23525
8619
13810
17028
4621
3941
12407
11047
26068
10309
29047
27781
7905
26343
21618
21037
87
20596
7742
20656
9048
29975
19370
10673
23240
21680
13154
5692
1107
31693
32530
27481
27313
27862
16334
27872
7464
10631
8626
17038
24659
28835
709
17241
7203
999
28963
2817
27427
2621
21596
3560
12032
25139
17943
7971
20040
30891
24059
7377
32626
30676
29903
13995
17695
25177
8927
733
32671
28376
32162
21781
14263
14229
22683
3033
1697
4720
3453
18461
16213
9492
3986
17173
15623
2418
20061
13896
31473
5742
11135
2534
22866
8407
2007
15707
13239
18589
11245
15908
11385
9790
3985
8417
20871
27778
17599
28844
32357
21096
2502
2218
8053
22880
18089
11231
14966
17338
31174
20295
24650
20319
22453
18978
27644
2239
8819
24719
13057
18954
31680
23644
2750
15011
14021
10269
18251
25298
27898
8315
6007
10169
23111
4047
25100
17289
17514
2032
2132
3573
29080
3656
12763
10471
29287
20014
1399
25970
17131
17776
29574
29961
1823
7982
30071
15086
26247
12527
26252
20972
19220
19950
23005
6729
1864
25781
4513
25591
10138
6893
31657
2314
29468
23413
22317
3183
24411
2737
26571
4314
31623
21797
22989
15360
5844
19522
15275
23047
9759
17791
12496
21818
11477
12204
16801
22018
11537
21123
27836
7953
25348
11393
23933
31201
20378
25332
27591
18269
22106
30804
18689
2270
29327
15574
32350
30040
18341
11583
8290
28374
4309
13302
23458
27683
13317
94
16075
10954
31721
26722
26085
15681
15727
2130
27353
18786
27738
5357
16177
2842
25388
5055
21280
28517
25162
28077
11714
23418
2651
4046
23204
29762
22001
3708
20615
31247
22123
32427
13665
3211
14362
31098
9125
27375
20898
32264
21700
1141
17059
9609
21748
27919
26009
23961
9264
2649
6401
7375
26752
3276
9150
17814
5498
2357
14522
11064
11529
18022
24016
27964
32109
4908
14826
7410
131
14465
3686
24908
16455
23554
24511
3311
25751
26275
4457
23178
20026
17313
30972
17255
25376
3000
11413
9280
28651
28823
4217
9299
17071
31889
26620
4792
25334
31381
28066
11763
2824
6752
13955
2502
18025
9457
25844
1865
22946
21821
28259
4924
22340
10533
30851
7835
1579
16037
4522
1395
32000
4430
18551
22517
5889
11254
26295
14792
9733
8878
21385
19364
1466
26868
24769
21277
29746
22570
1931
5308
21406
31303
22609
5204
14681
27853
8670
12179
28200
28667
5059
18136
17344
30275
24569
26692
25480
18430
8137
12564
31393
3935
32745
22830
26404
24741
30696
7417
19114
4757
4299
31090
9746
31528
32505
28285
25214
25729
4948
15224
27551
20001
18345
18966
16179
20062
27210
15211
5579
10257
11513
19267
2258
26768
6920
32184
22987
8668
15039
19204
16090
5403
24062
15763
22662
24904
26147
13917
13501
2601
32558
19314
792
27521
5668
29910
24161
27784
3761
31632
20307
1944
31760
24318
27808
31273
24880
9323
15417
12543
15375
17635
14793
17570
24682
11590
9858
6671
26009
1180
1565
31661
11189
11432
27932
16002
15355
12480
1107
18343
2165
5852
26022
1529
20183
18156
13844
13330
8871
31855
8437
30328
25248
30273
6271
10771
7513
22708
32655
30437
10530
30179
8359
31477
29486
28739
5682
8588
18936
27515
2064
31396
9951
16246
25166
9886
15123
25014
26933
10803
17333
30955
20103
16045
26938
20164
11269
29271
11793
5125
1844
11570
12421
10970
16993
28137
17380
27498
7907
21255
9441
5808
13472
17512
19767
27526
723
20717
10895
4611
32268
5236
15524
20743
16248
14856
24229
16916
14690
28244
16347
30560
5370
22110
20363
18472
7509
24178
8222
14150
23478
30043
1407
10246
18700
2010
29381
21814
14523
20560
23314
15996
24735
20158
6586
32749
8782
31983
9640
18394
31134
4852
5118
24301
13416
28625
11772
30325
22411
31350
7715
12543
21811
3825
30874
6438
30811
19425
8912
31404
10640
21550
24163
20937
28920
22775
31553
17602
22932
32716
29965
23486
6594
31006
32708
27350
9478
23283
18336
25195
2825
5086
26684
31164
18402
2607
24314
26551
27029
15207
31906
7696
11993
28655
6731
14993
799
22281
5503
8881
31695
7942
22426
32103
15061
23994
27763
32576
23132
23853
27710
15536
17881
8339
15537
30373
9292
13694
28006
5474
14275
9555
13185
17803
22047
6906
18578
27516
24346
4314
12477
24799
21385
6917
11288
12414
29151
8623
22356
17493
31731
8165
16288
14828
2563
14972
28106
20708
3832
17223
11431
10191
29163
31885
3766
15173
24809
12473
30464
23348
16627
29268
10562
2679
24393
6193
9550
31914
18409
18919
20911
9789
25938
12420
14732
4808
19853
8064
25039
30110
24686
18928
31109
10405
6936
22524
27016
3429
17599
28819
1884
1118
22706
2910
28504
28319
20888
7922
18950
28052
14841
32585
204
21792
9729
115
9675
1003
31361
12681
4871
5630
9527
17379
1224
9613
10831
29322
13121
3603
11049
32240
12144
26021
19037
4063
1861
8319
4349
7088
29958
4836
14618
3773
7666
17701
393
25881
9253
19967
28390
30334
4027
10025
7642
3974
21304
12334
2714
11038
28456
21369
29104
24632
30978
430
11774
22465
2386
30529
14336
24275
21783
65
10833
26923
30314
11892
28529
6109
10337
13737
31941
6214
31283
25162
16095
28483
15773
24113
6912
1184
13444
14268
10715
724
16859
24356
3996
24299
8647
3594
5417
7363
27905
19795
26280
9083
27517
3382
6977
13865
31305
915
27173
25803
2231
17543
12495
2433
28862
18749
11914
9721
11934
22791
6451
13610
15299
2221
28480
17733
4332
17413
11009
28136
5004
5571
15142
30357
29296
8595
25730
16740
13731
1125
28942
19956
1423
3848
20529
26791
28004
3835
3134
23055
7358
6528
14655
10915
27778
3313
16625
20151
11016
15447
12303
20139
29568
31033
26835
16226
5262
28594
24251
7925
19000
2246
16265
27049
20226
18166
11661
31519
2135
20754
28454
4043
21035
8015
14215
31399
11743
32410
27831
25385
22629
24107
3803
8050
2980
7004
9400
32456
28446
16316
20852
6214
31696
25951
30620
29138
22361
13689
3436
4944
27231
13611
1610
23061
13871
21661
30099
8351
11683
29773
20122
3715
5449
21671
26094
9382
11969
9173
6108
22960
13159
7640
14389
23230
25139
29400
12114
17496
9437
26552
26708
26530
4164
25838
29872
28630
17424
26514
2284
31729
28054
2228
13987
173
29181
3827
1999
1712
927
15947
24392
6403
9906
23087
17031
30661
26920
3544
28848
25377
20947
11996
27344
4733
19149
3586
20834
11252
2839
19029
15129
20487
17280
23159
26841
3471
4809
16440
31494
20982
1286
6759
3074
10663
8775
2281
21489
25795
20600
5895
14784
29718
3206
8204
30053
4681
16068
25104
10088
3417
11916
13071
2466
17480
22825
3134
7493
11538
12276
24478
31260
30434
446
27601
8980
7302
4974
557
1020
31520
11243
29455
31881
16671
5949
5233
7325
18798
25839
5823
30152
14059
26039
7143
9744
25627
11353
17584
32749
31516
5576
10316
29592
18907
7310
27184
7557
9863
31599
25123
7726
30789
25417
2709
7955
14373
18495
10547
10495
32340
2582
26040
12172
28564
31711
17158
30185
7914
3799
11893
12507
14230
9355
6507
2562
840
19520
20781
26718
8337
28561
2292
8722
32152
12890
19012
31591
27406
2517
16249
5907
23396
20227
3235
15292
8763
20558
10899
4792
18460
9836
30774
17431
18025
20614
30242
5091
16275
23450
24687
25766
1934
6430
6856
17197
4226
10470
8897
24460
4036
23111
31851
5986
28420
10365
19751
30046
24008
22090
6327
18946
5913
27872
21659
16807
12155
8705
17818
7106
32547
26981
23455
26469
31845
13660
32710
26889
6764
10932
2231
3466
45
19421
18739
3699
11165
24395
27884
11132
21794
5404
6042
7505
10056
12283
31307
9621
7862
13636
21242
24615
9824
26728
2660
14756
17406
5524
25623
12077
26812
28557
29900
15210
14899
1247
21238
5326
26520
4150
13723
8477
24371
10252
30051
16940
30739
4484
9199
24553
25601
14998
11627
21402
32178
8045
14439
6250
18241
7949
14306
25889
11484
825
25512
4915
24509
16276
2783
30460
23899
11270
29916
3402
30434
15969
17467
8732
27873
1861
4142
21673
29507
30273
10261
7332
12673
10554
13647
13503
4886
19217
12112
3694
31794
17792
22004
13037
14002
19013
9747
13700
11088
30595
31830
6922
15127
7013
23113
23208
19739
23300
433
23519
25702
16523
23071
5580
21045
29849
21701
13227
22629
9958
17033
25243
20520
27178
20568
11424
10492
1850
7613
1262
21470
2932
8626
26981
28346
5726
20918
15704
17447
10890
16159
16786
29521
1469
7858
19867
21558
17487
28273
11831
27670
21461
11700
19760
1572
30974
23419
1621
17538
27835
12035
19907
15724
21667
16023
2915
30900
6805
2217
20404
24942
26527
4897
17867
32748
17950
5365
1688
4077
12071
24058
12650
18193
1830
28922
28085
24464
19909
1030
14868
15148
1296
23309
11402
12900
5078
12462
2061
25579
10066
8523
19269
6232
22538
19551
7313
3615
5624
8209
14155
16832
8168
777
15949
1598
2593
20610
6067
467
6215
23200
13795
25314
28288
26372
29131
24877
24022
22943
23146
24392
20445
451
7570
16462
5525
15744
28140
17874
7569
26413
2620
2584
21849
16709
18918
27269
14862
21621
21170
30293
23628
29682
23500
13708
23380
23568
8719
23599
7019
7953
29058
15795
15229
21562
26659
5302
3590
15661
21988
29421
6451
21874
24052
27998
25156
87
15679
22735
2100
18682
23096
10878
29084
26788
470
20754
4565
1880
30172
6610
2396
27308
12382
30229
9595
1752
129
13561
806
9741
25730
1368
22820
6664
17658
21496
11631
11238
30048
23042
31196
15930
7631
28598
1022
21853
29193
30556
27720
31237
22973
29822
14451
10777
28165
9044
23839
19396
28723
9344
2749
22217
7629
4348
16812
10262
1494
2640
29090
13211
17231
6920
10318
2140
16638
31589
4924
23237
27246
3667
22776
2366
28215
10907
3446
20224
30079
1114
17841
6439
29889
19122
3731
12808
31182
19903
19221
14020
6929
16588
15783
2846
27670
27847
16594
16265
6990
26355
29468
7557
7436
8157
23084
20012
2004
24209
16686
20232
1493
31757
22137
10536
32692
29430
19567
7795
25739
6026
421
16700
13106
3030
29765
10774
10429
17449
1200
16361
14405
12232
19303
17989
12268
23011
1579
9719
12059
5832
24675
9178
21006
4439
6847
31216
13971
19638
22043
1713
15886
28230
1446
1699
12481
25557
19523
3115
9802
14869
18735
10659
22381
14156
6116
428
15636
3662
1854
12742
8340
15785
19421
19230
306
28447
12746
19878
29414
27481
4445
22891
23135
30169
2910
2596
10822
9521
20586
12550
1479
2930
30616
24800
27726
17128
10333
99
21134
13060
7085
22209
19656
8602
14435
18043
11850
25677
20195
10867
16950
17991
14334
2377
388
30253
23318
4836
27210
4177
24450
7247
23611
6442
3379
3527
7790
31746
8344
30482
29282
25071
5568
15890
22590
29956
11967
7065
26717
25544
14674
23167
26121
14567
22470
3314
28551
23336
20757
11278
28501
18847
11347
21933
12975
26660
6984
7297
18775
28676
30815
7776
4758
22774
23487
21726
7038
20048
2999
21537
12915
1146
19551
27633
21482
675
21116
24335
21615
13492
23973
9416
27629
22914
15780
26825
1578
8520
18207
15669
31889
4180
31608
13045
7476
31232
26609
19536
8977
10212
20
32187
916
330
30546
12530
13662
18146
24042
32327
21573
14008
1292
4154
18076
11362
28222
25931
18356
4478
18944
25612
31650
12892
18859
30074
28739
19191
18591
6541
12158
24618
4253
10766
18121
14624
15730
16297
26607
3341
982
27971
1808
14619
24467
17806
6633
4776
27882
24282
23637
10670
28978
18734
15892
3970
22210
10903
24012
30146
8209
30144
13645
14728
5660
28355
23321
12004
13832
29247
32036
16522
8713
12971
30936
14279
6530
24553
13404
16570
15470
27934
7446
32448
7678
26818
28527
17712
27267
6899
11222
18505
9359
24079
23815
23144
15703
25985
5005
2430
3164
26331
14981
12482
27211
22822
10662
21155
29473
15989
6270
20225
13202
11201
22270
18844
17836
752
28473
21709
8376
4919
5225
13428
8289
5026
819
19761
1816
11249
14124
5079
32694
32678
6555
4381
25187
28508
3457
19863
16567
1114
31958
14821
32032
14952
19222
26411
29060
7138
20732
9153
26919
25610
17805
20523
29134
7074
14425
75
18469
25531
254
15573
25438
25288
18413
30980
25627
2038
3185
4235
27278
6336
19437
25039
6110
15549
11877
22611
16077
31677
23615
31603
1945
25109
24907
21846
2847
16183
16642
17950
10566
12934
8203
5985
7835
31336
9988
25565
7481
14748
638
10087
27884
9934
9289
2853
22166
23144
10739
16893
24273
11948
3211
2381
5077
26112
32170
8669
29341
2952
5557
21778
10053
16890
14172
23140
11447
29870
19558
12561
3974
7925
16305
16915
22554
7596
22644
24144
24590
16145
23240
27922
5846
1237
4455
24246
31141
19570
9395
14248
17037
20926
25338
18319
4841
16320
24056
24772
7416
17347
413
9225
4298
22186
2065
13432
20576
12419
28406
26553
12047
6751
20973
18040
16421
4704
20059
28950
30927
30227
21613
15519
10554
9984
2393
7165
4345
23936
7911
10603
4775
7631
17457
25644
19149
866
5030
30332
3589
22139
8789
6087
4704
8186
5225
24345
18438
12150
23279
6614
9500
18316
32480
31403
26859
25719
7515
13508
6718
20705
31026
22335
17675
31993
17832
31969
15190
19398
3705
9224
23891
19131
24859
17121
11467
1931
6980
27611
12224
30783
684
5724
26196
10629
2580
24498
22503
10059
26503
22604
31616
21388
24544
12586
32622
8042
27532
23954
13359
23166
6289
32005
7824
3180
19919
8561
29974
3258
21382
17832
3229
19682
17689
2065
30783
2213
20498
32157
24695
20643
25701
12541
21894
9001
14841
8723
8470
1866
20324
22950
23326
24113
17911
25945
17925
24245
16122
20446
13834
28462
7736
26983
2019
20871
21951
29789
27300
21909
7905
2645
227
1447
17534
19776
7450
351
25222
14561
7500
31424
16057
10373
10732
2439
7857
25838
23546
18623
16163
20112
3695
29328
20578
30720
24283
28248
7204
17577
8525
1277
14473
24513
19315
12161
27737
8059
6914
13270
10381
10366
31576
1012
15122
26007
28257
4906
7881
10154
31927
5553
3282
495
28941
24199
13066
13914
25293
20346
13266
18011
21504
3971
21267
31688
26223
31574
29823
32280
27655
1079
20249
18385
22146
28943
31223
4163
19012
13759
13894
32119
22659
21684
6800
12899
9387
32444
826
3423
30977
25880
27729
10973
3718
29138
6278
84
3102
23121
10614
9085
241
16426
3375
4546
24082
21561
25840
3060
13151
12273
18737
23100
13224
22768
3811
3156
17427
8918
29177
2550
6846
25432
18727
1941
12455
11408
9962
13132
2761
407
3016
11796
7816
14678
3545
9529
21839
921
6534
8207
29560
17509
12177
21985
26220
14732
17494
8234
15883
7806
9296
23815
21838
16994
478
21997
28202
17510
4167
32407
17592
27219
20476
8259
23956
17764
28702
17694
4995
6488
26944
30717
10328
14790
13678
11341
23832
20913
18798
25165
21852
18780
13125
23419
18935
15967
510
29515
20185
16891
23206
28703
12339
20907
24219
24692
10972
15867
18183
22617
1012
29597
22951
8998
17351
23226
6865
15722
6131
16518
24757
11045
8398
32535
11235
32312
11778
22391
26893
8473
11898
12792
14
14795
22402
14535
21548
14606
18217
196
6554
27091
9706
13457
9281
5362
2956
30185
5057
3359
11079
26932
178
14107
2856
8024
3887
25127
19127
20945
2709
1214
15574
9476
28296
12675
22764
25808
311
22649
18243
28519
25313
10354
3247
16988
13977
9418
6513
24061
18502
17236
16218
29410
21485
9877
21300
3526
21043
18480
32093
13718
28189
10146
32181
12232
2075
20783
26298
24302
27205
20764
5106
28555
4580
26399
24458
18213
12852
3604
23356
27035
21608
11249
4214
18617
14575
32252
3000
12810
24054
5436
14141
20205
20270
30509
18655
27371
8911
14008
18229
29768
18397
6497
27134
27352
2474
7363
22978
12564
27804
28729
4790
29549
18480
14047
28385
6625
16959
9657
7037
30667
3968
21041
32160
11775
7503
17607
18971
29462
2220
9220
21666
13831
1671
2991
23086
20216
8507
25668
19104
12883
28504
20130
21927
23067
10149
30724
16099
22913
13925
27186
15691
20146
14298
11257
27084
9972
31752
17880
306
26865
30651
32508
32076
31058
18123
26223
18763
3472
9119
31884
5484
16647
30704
4278
3543
77
27343
10057
30918
16065
4074
31697
32745
10855
7179
29562
10506
20979
17121
5064
16877
28963
8707
20872
17274
22354
23858
19463
28701
7243
20446
18561
12654
5979
30700
476
30989
19626
32183
8342
10448
17610
32085
28413
17953
657
29979
7582
31905
2852
32099
11263
13330
13397
11660
18833
15731
11567
21059
17120
23404
29902
22785
20237
10733
13173
5333
20862
10515
10714
16484
25556
28491
10948
24878
15389
18105
21208
28691
17227
14811
29360
27413
28646
21353
24366
13407
14589
5504
7184
25223
13666
27648
5316
26128
15127
7731
22397
10291
4867
943
1670
1758
5353
125
29655
20990
16283
3194
6886
11770
8555
18942
27839
32639
9443
28604
8791
17539
5558
2537
2333
32388
29173
22177
32211
4625
23430
16774
2460
16268
15827
17066
21846
6446
31679
9391
26409
6731
14814
30252
24160
17368
6373
10835
8568
25130
29791
11473
12919
24576
31138
27894
7552
19140
11010
9238
13731
27662
9028
23343
5113
7274
11606
29643
3313
13147
1085
14376
4069
14496
20302
13975
9457
15029
11937
27682
32004
28317
27587
625
18487
31967
8875
9455
18014
8143
30447
12584
17885
30478
10552
18037
1214
13396
8436
30940
10240
1389
15946
11058
15665
24450
2131
21634
31295
3994
2951
13491
12171
13408
31861
15460
8255
1319
29368
11291
13538
2603
20518
11935
15401
10778
10314
29346
11792
12499
15381
1955
9514
13165
24016
531
565
30075
20821
10935
28146
13198
31871
15693
11572
30460
31711
31346
31542
22240
28592
4291
24113
19042
5389
8515
10798
28729
32610
25341
9753
28526
1569
10730
1816
21858
15030
21780
13851
5394
31420
26620
5043
2970
29297
21305
11815
11768
9063
12387
7621
17427
17277
29999
31606
21756
2062
25051
9621
10355
12648
11981
18177
429
27264
15735
21617
30548
20708
20605
29704
3280
14576
3866
810
28869
581
22464
11917
1244
4215
9726
20627
4807
15366
4007
2519
21119
20368
7473
18437
9680
25924
347
12016
11544
14490
29714
6110
6476
16449
13462
6950
24379
9305
30425
22526
12311
25827
16424
28302
23345
17526
30476
24649
32004
19251
10867
19068
8053
30203
21515
12071
12121
26079
6639
16397
27448
9175
21381
24583
12112
19639
21926
20125
17117
14688
18944
12759
2712
30515
5561
29265
17534
9420
4949
7566
12498
1772
9178
17038
19557
27062
23346
31907
21
8735
19408
8320
27028
17312
13719
16275
8555
24109
7159
30101
8766
22635
1881
13407
13649
14878
30141
511
2123
31456
16033
23819
20538
10521
28197
15157
7640
32043
23406
22048
18189
11501
32328
14962
2484
4955
18447
19755
19362
140
975
15157
7140
17892
426
1851
22857
21130
4474
10687
8737
29724
4280
30567
28995
4002
3997
16792
3157
26305
20870
25926
10055
15666
11421
15371
24865
29298
3254
9078
32255
25530
7543
3749
601
10801
24508
22038
5000
2401
11833
14778
16774
8679
30050
18763
7670
15471
8839
9952
17508
16608
3652
22463
14285
11732
26136
6002
14690
9291
22868
24861
31881
23456
3383
8974
23589
4540
7255
20630
29975
19337
9538
17943
18949
31145
11366
13151
21593
21865
21806
52
9869
2544
13934
24368
935
32189
19969
720
4095
20560
22449
10439
32584
24614
2902
28568
25550
27883
1602
10851
765
10732
25565
9983
21283
21707
18829
6730
1655
9334
27097
9917
18265
9305
17101
12612
2523
20435
7072
30796
5761
487
1428
8477
12869
3381
25630
12138
2014
4136
16455
6950
13890
22896
27474
30874
10346
28851
13471
26293
6741
6015
14031
14243
28495
22148
41
1953
15731
27392
6716
13839
12911
10362
13510
29894
13703
8883
30677
25005
27357
13274
16684
24199
31727
13055
20712
6927
18785
28362
10596
1351
27133
16493
9817
5133
6904
19159
3914
8175
1398
14890
10527
15936
32081
6000
2832
21099
7446
1162
15044
18824
25425
29800
21434
13357
13579
13184
15849
12935
27024
21624
14243
26281
17270
21798
14015
24867
31450
4027
25847
15319
15597
19515
15247
22280
17584
1585
568
27828
28923
15008
13619
28196
31684
21052
5817
24513
13982
31706
28571
10025
28800
2854
17190
32642
26824
12180
31305
2063
29567
6041
18938
8448
13023
21530
22741
2703
2578
4133
26630
31304
11581
28895
874
6824
29373
12733
31985
10474
18865
20727
14151
9502
31160
24634
947
18555
4092
19870
5951
13814
7535
14551
23321
6420
10836
10415
7225
9980
770
13492
24132
13776
16868
30509
21936
24125
15045
23379
19754
23377
11082
7102
31284
7309
21696
1310
1299
15932
25368
20779
18408
23555
17712
11743
2333
29112
23125
17634
13570
15991
6405
22342
23224
24051
4857
16756
28751
3083
31331
31590
8747
18078
3188
26903
12716
16799
1313
3896
9998
24940
39
37
23181
12123
27468
5399
6349
31894
28136
18331
26234
10026
27045
16195
10027
13658
30851
26523
11149
15161
3103
8798
27325
15992
4660
27114
27381
3196
16994
30706
7531
14003
31022
17523
12662
10537
17483
28905
8947
3926
1048
29634
2023
31547
18025
6163
24934
685
16010
9610
29619
18160
32385
17572
27048
6791
21908
29471
18264
14667
30731
7347
28660
18107
21559
11261
17131
1683
14515
10172
5205
928
12266
12351
1170
6354
13529
28958
31534
4243
9495
23337
18696
20055
5138
15006
13748
13940
25499
32159
31773
18485
17829
16098
31343
7721
2889
26795
6452
18625
25870
1015
11709
14106
30824
2042
23491
8728
28286
15820
14926
11700
24624
3168
16342
13463
17241
16565
14760
29159
15697
9808
21132
32097
32439
1001
27813
19880
3181
20581
21144
13532
6627
13316
1009
2927
22681
10716
8386
32052
24799
21894
14476
11449
6112
24855
99
8407
14046
30545
13390
12423
22463
11803
10221
24823
10953
29999
19038
27102
14762
23827
8544
21516
23483
19018
32697
26181
16261
26827
31446
21583
11653
29618
25522
25674
26668
9526
18169
32320
19754
25307
14444
23037
7148
31208
28039
16161
1379
28
27489
2931
26888
11421
19413
29560
25373
15665
24031
12613
4149
15280
9544
5521
10742
14266
32134
12046
24862
18597
25566
31738
6340
27577
11467
23024
26337
4768
10403
10245
32270
30232
31608
20240
25743
235
11324
9289
7313
26401
12073
23062
8624
15732
28512
29473
24508
9476
7121
27566
1725
24396
15194
3372
24628
24149
19507
8201
2468
9513
29321
28619
14417
3211
31337
21853
27208
16357
12512
15270
10399
1666
22625
21088
16126
11517
15462
25384
3167
8954
10330
31953
20753
8467
17847
26878
